SA235A	0.483	0.000	0.483	0.483	16
SA235C	1.019	0.000	1.019	1.019	22
SA235D	-1.862	0.000	-1.862	-1.862	1
SA235E	0.312	0.000	0.312	0.312	11
SA235F	0.530	0.000	0.530	0.530	20
SA235G	0.497	0.000	0.497	0.497	18
SA235H	0.465	0.000	0.465	0.465	15
SA235I	0.840	0.000	0.840	0.840	21
SA235K	0.504	0.000	0.504	0.504	19
SA235L	0.484	0.000	0.484	0.484	17
SA235M	0.266	0.000	0.266	0.266	10
SA235N	-1.396	0.000	-1.396	-1.396	2
SA235P	-0.653	0.000	-0.653	-0.653	3
SA235Q	0.438	0.000	0.438	0.438	13
SA235R	0.451	0.000	0.451	0.451	14
SA235T	0.086	0.000	0.086	0.086	7
SA235V	1.179	0.000	1.179	1.179	23
SA235W	0.134	0.000	0.134	0.134	8
SA235Y	0.436	0.000	0.436	0.436	12
YA239A	1.155	0.000	1.155	1.155	10
YA239C	1.849	0.000	1.849	1.849	17
YA239D	2.268	0.000	2.268	2.268	19
YA239E	1.500	0.000	1.500	1.500	13
YA239F	0.491	0.000	0.491	0.491	6
YA239G	2.462	0.000	2.462	2.462	20
YA239H	1.263	0.000	1.263	1.263	11
YA239I	1.705	0.000	1.705	1.705	15
YA239K	0.642	0.000	0.642	0.642	7
YA239L	0.104	0.000	0.104	0.104	5
YA239M	0.004	0.000	0.004	0.004	4
YA239N	1.848	0.000	1.848	1.848	16
YA239P	4.499	0.000	4.499	4.499	23
YA239Q	1.119	0.000	1.119	1.119	9
YA239R	0.694	0.000	0.694	0.694	8
YA239S	1.529	0.000	1.529	1.529	14
YA239T	2.752	0.000	2.752	2.752	21
YA239V	1.284	0.000	1.284	1.284	12
YA239W	-0.100	0.000	-0.100	-0.100	1
YA248A	2.271	0.000	2.271	2.271	9
YA248C	1.946	0.000	1.946	1.946	7
YA248D	3.320	0.000	3.320	3.320	17
YA248E	3.401	0.000	3.401	3.401	19
YA248F	-0.445	0.000	-0.445	-0.445	2
YA248G	3.608	0.000	3.608	3.608	20
YA248H	2.274	0.000	2.274	2.274	10
YA248I	2.711	0.000	2.711	2.711	14
YA248K	2.460	0.000	2.460	2.460	12
YA248L	-1.000	0.000	-1.000	-1.000	1
YA248M	0.656	0.000	0.656	0.656	5
YA248N	1.969	0.000	1.969	1.969	8
YA248P	5.891	0.000	5.891	5.891	22
YA248Q	2.563	0.000	2.563	2.563	13
YA248R	2.799	0.000	2.799	2.799	15
YA248S	2.288	0.000	2.288	2.288	11
YA248T	3.311	0.000	3.311	3.311	16
YA248V	3.374	0.000	3.374	3.374	18
YA248W	0.982	0.000	0.982	0.982	6
SA257A	-0.096	0.000	-0.096	-0.096	18
SA257C	0.077	0.000	0.077	0.077	22
SA257D	-0.562	0.000	-0.562	-0.562	5
SA257E	-0.301	0.000	-0.301	-0.301	12
SA257F	-0.476	0.000	-0.476	-0.476	9
SA257G	-0.340	0.000	-0.340	-0.340	11
SA257H	-0.212	0.000	-0.212	-0.212	14
SA257I	-0.117	0.000	-0.117	-0.117	17
SA257K	-0.799	0.000	-0.799	-0.799	1
SA257L	-0.199	0.000	-0.199	-0.199	16
SA257M	-0.239	0.000	-0.239	-0.239	13
SA257N	-0.487	0.000	-0.487	-0.487	7
SA257P	-0.555	0.000	-0.555	-0.555	6
SA257Q	-0.446	0.000	-0.446	-0.446	10
SA257R	-0.783	0.000	-0.783	-0.783	2
SA257T	-0.204	0.000	-0.204	-0.204	15
SA257V	-0.055	0.000	-0.055	-0.055	19
SA257W	-0.610	0.000	-0.610	-0.610	4
SA257Y	-0.484	0.000	-0.484	-0.484	8
SA259A	1.450	0.000	1.450	1.450	14
SA259C	1.429	0.000	1.429	1.429	13
SA259D	0.110	0.000	0.110	0.110	4
SA259E	1.613	0.000	1.613	1.613	17
SA259F	1.226	0.000	1.226	1.226	11
SA259G	1.406	0.000	1.406	1.406	12
SA259H	1.516	0.000	1.516	1.516	15
SA259I	1.682	0.000	1.682	1.682	18
SA259K	0.976	0.000	0.976	0.976	9
SA259L	0.698	0.000	0.698	0.698	5
SA259M	0.916	0.000	0.916	0.916	7
SA259N	0.096	0.000	0.096	0.096	3
SA259P	2.757	0.000	2.757	2.757	22
SA259Q	1.700	0.000	1.700	1.700	19
SA259R	0.796	0.000	0.796	0.796	6
SA259T	-0.932	0.000	-0.932	-0.932	1
SA259V	2.214	0.000	2.214	2.214	21
SA259W	1.571	0.000	1.571	1.571	16
SA259Y	1.214	0.000	1.214	1.214	10
SA275A	-0.019	0.000	-0.019	-0.019	13
SA275C	0.481	0.000	0.481	0.481	21
SA275D	0.270	0.000	0.270	0.270	19
SA275E	-0.131	0.000	-0.131	-0.131	11
SA275F	-0.716	0.000	-0.716	-0.716	4
SA275G	1.043	0.000	1.043	1.043	22
SA275H	0.111	0.000	0.111	0.111	17
SA275I	-0.463	0.000	-0.463	-0.463	8
SA275K	-0.254	0.000	-0.254	-0.254	10
SA275L	-0.606	0.000	-0.606	-0.606	6
SA275M	-0.475	0.000	-0.475	-0.475	7
SA275N	-0.083	0.000	-0.083	-0.083	12
SA275P	3.726	0.000	3.726	3.726	23
SA275Q	-0.354	0.000	-0.354	-0.354	9
SA275R	-1.992	0.000	-1.992	-1.992	1
SA275T	0.118	0.000	0.118	0.118	18
SA275V	0.313	0.000	0.313	0.313	20
SA275W	-0.837	0.000	-0.837	-0.837	3
SA275Y	-0.693	0.000	-0.693	-0.693	5
TA282A	-0.128	0.000	-0.128	-0.128	19
TA282C	-0.434	0.000	-0.434	-0.434	10
TA282D	-0.272	0.000	-0.272	-0.272	15
TA282E	-0.436	0.000	-0.436	-0.436	9
TA282F	-0.394	0.000	-0.394	-0.394	11
TA282G	-0.031	0.000	-0.031	-0.031	21
TA282H	-0.213	0.000	-0.213	-0.213	18
TA282I	-0.460	0.000	-0.460	-0.460	7
TA282K	-0.618	0.000	-0.618	-0.618	4
TA282L	-0.451	0.000	-0.451	-0.451	8
TA282M	-0.715	0.000	-0.715	-0.715	2
TA282N	-0.237	0.000	-0.237	-0.237	17
TA282P	-0.346	0.000	-0.346	-0.346	13
TA282Q	-0.389	0.000	-0.389	-0.389	12
TA282R	-0.591	0.000	-0.591	-0.591	5
TA282S	-0.242	0.000	-0.242	-0.242	16
TA282V	-0.042	0.000	-0.042	-0.042	20
TA282W	-0.769	0.000	-0.769	-0.769	1
TA282Y	-0.576	0.000	-0.576	-0.576	6
TA284A	2.795	0.000	2.795	2.795	9
TA284C	3.319	0.000	3.319	3.319	19
TA284D	1.402	0.000	1.402	1.402	4
TA284E	2.541	0.000	2.541	2.541	8
TA284F	3.124	0.000	3.124	3.124	17
TA284G	1.832	0.000	1.832	1.832	6
TA284H	3.048	0.000	3.048	3.048	13
TA284I	3.996	0.000	3.996	3.996	22
TA284K	3.074	0.000	3.074	3.074	15
TA284L	3.013	0.000	3.013	3.013	12
TA284M	3.074	0.000	3.074	3.074	16
TA284N	1.382	0.000	1.382	1.382	3
TA284P	1.592	0.000	1.592	1.592	5
TA284Q	2.861	0.000	2.861	2.861	10
TA284R	2.992	0.000	2.992	2.992	11
TA284S	-0.037	0.000	-0.037	-0.037	2
TA284V	4.169	0.000	4.169	4.169	23
TA284W	3.482	0.000	3.482	3.482	20
TA284Y	3.177	0.000	3.177	3.177	18
SA333A	0.805	0.000	0.805	0.805	21
SA333C	0.507	0.000	0.507	0.507	15
SA333D	0.650	0.000	0.650	0.650	19
SA333E	0.604	0.000	0.604	0.604	17
SA333F	0.094	0.000	0.094	0.094	8
SA333G	0.168	0.000	0.168	0.168	10
SA333H	0.281	0.000	0.281	0.281	14
SA333I	0.242	0.000	0.242	0.242	13
SA333K	0.096	0.000	0.096	0.096	9
SA333L	0.057	0.000	0.057	0.057	7
SA333M	-0.142	0.000	-0.142	-0.142	4
SA333N	-0.073	0.000	-0.073	-0.073	5
SA333P	1.280	0.000	1.280	1.280	23
SA333Q	-0.409	0.000	-0.409	-0.409	2
SA333R	-0.541	0.000	-0.541	-0.541	1
SA333T	1.008	0.000	1.008	1.008	22
SA333V	0.594	0.000	0.594	0.594	16
SA333W	0.188	0.000	0.188	0.188	12
SA333Y	0.186	0.000	0.186	0.186	11
SA337A	-0.194	0.000	-0.194	-0.194	15
SA337C	-0.040	0.000	-0.040	-0.040	17
SA337D	-0.106	0.000	-0.106	-0.106	16
SA337E	-0.946	0.000	-0.946	-0.946	3
SA337F	-0.635	0.000	-0.635	-0.635	5
SA337G	0.085	0.000	0.085	0.085	23
SA337H	-0.032	0.000	-0.032	-0.032	20
SA337I	-0.249	0.000	-0.249	-0.249	12
SA337K	-0.344	0.000	-0.344	-0.344	10
SA337L	-0.429	0.000	-0.429	-0.429	8
SA337M	-0.285	0.000	-0.285	-0.285	11
SA337N	-0.039	0.000	-0.039	-0.039	18
SA337P	-0.993	0.000	-0.993	-0.993	2
SA337Q	-0.466	0.000	-0.466	-0.466	7
SA337R	-0.532	0.000	-0.532	-0.532	6
SA337T	-0.029	0.000	-0.029	-0.029	21
SA337V	-0.036	0.000	-0.036	-0.036	19
SA337W	-0.420	0.000	-0.420	-0.420	9
SA337Y	-0.695	0.000	-0.695	-0.695	4
TA340A	-0.981	0.000	-0.981	-0.981	1
TA340C	0.242	0.000	0.242	0.242	21
TA340D	-0.039	0.000	-0.039	-0.039	17
TA340E	-0.550	0.000	-0.550	-0.550	5
TA340F	-0.064	0.000	-0.064	-0.064	15
TA340G	0.253	0.000	0.253	0.253	22
TA340H	-0.152	0.000	-0.152	-0.152	13
TA340I	0.003	0.000	0.003	0.003	18
TA340K	-0.300	0.000	-0.300	-0.300	7
TA340L	-0.327	0.000	-0.327	-0.327	6
TA340M	-0.158	0.000	-0.158	-0.158	12
TA340N	-0.197	0.000	-0.197	-0.197	10
TA340P	2.874	0.000	2.874	2.874	23
TA340Q	-0.634	0.000	-0.634	-0.634	3
TA340R	-0.688	0.000	-0.688	-0.688	2
TA340S	-0.267	0.000	-0.267	-0.267	9
TA340V	0.065	0.000	0.065	0.065	20
TA340W	-0.044	0.000	-0.044	-0.044	16
TA340Y	-0.167	0.000	-0.167	-0.167	11
SA367A	-1.431	0.000	-1.431	-1.431	1
SA367C	-0.180	0.000	-0.180	-0.180	17
SA367D	-0.414	0.000	-0.414	-0.414	10
SA367E	-0.832	0.000	-0.832	-0.832	3
SA367F	-0.558	0.000	-0.558	-0.558	6
SA367G	-0.176	0.000	-0.176	-0.176	18
SA367H	-0.270	0.000	-0.270	-0.270	15
SA367I	0.023	0.000	0.023	0.023	20
SA367K	-0.354	0.000	-0.354	-0.354	13
SA367L	-0.272	0.000	-0.272	-0.272	14
SA367M	-0.481	0.000	-0.481	-0.481	8
SA367N	-0.262	0.000	-0.262	-0.262	16
SA367P	3.080	0.000	3.080	3.080	23
SA367Q	-0.685	0.000	-0.685	-0.685	4
SA367R	-0.398	0.000	-0.398	-0.398	12
SA367T	0.182	0.000	0.182	0.182	21
SA367V	0.204	0.000	0.204	0.204	22
SA367W	-0.406	0.000	-0.406	-0.406	11
SA367Y	-0.446	0.000	-0.446	-0.446	9
TA369A	1.496	0.000	1.496	1.496	21
TA369C	1.399	0.000	1.399	1.399	18
TA369D	1.111	0.000	1.111	1.111	10
TA369E	0.386	0.000	0.386	0.386	3
TA369F	1.124	0.000	1.124	1.124	11
TA369G	1.456	0.000	1.456	1.456	20
TA369H	1.274	0.000	1.274	1.274	14
TA369I	1.323	0.000	1.323	1.323	17
TA369K	1.223	0.000	1.223	1.223	13
TA369L	1.286	0.000	1.286	1.286	15
TA369M	0.984	0.000	0.984	0.984	8
TA369N	1.405	0.000	1.405	1.405	19
TA369P	0.728	0.000	0.728	0.728	5
TA369Q	0.617	0.000	0.617	0.617	4
TA369R	1.308	0.000	1.308	1.308	16
TA369S	1.567	0.000	1.567	1.567	22
TA369V	1.574	0.000	1.574	1.574	23
TA369W	1.028	0.000	1.028	1.028	9
TA369Y	1.138	0.000	1.138	1.138	12
YA399A	0.665	0.000	0.665	0.665	13
YA399C	1.278	0.000	1.278	1.278	21
YA399D	1.176	0.000	1.176	1.176	19
YA399E	0.819	0.000	0.819	0.819	15
YA399F	-0.128	0.000	-0.128	-0.128	4
YA399G	1.336	0.000	1.336	1.336	22
YA399H	0.686	0.000	0.686	0.686	14
YA399I	0.244	0.000	0.244	0.244	10
YA399K	0.202	0.000	0.202	0.202	9
YA399L	-0.035	0.000	-0.035	-0.035	6
YA399M	-0.055	0.000	-0.055	-0.055	5
YA399N	0.533	0.000	0.533	0.533	11
YA399P	2.807	0.000	2.807	2.807	23
YA399Q	0.129	0.000	0.129	0.129	8
YA399R	-0.137	0.000	-0.137	-0.137	3
YA399S	0.563	0.000	0.563	0.563	12
YA399T	1.250	0.000	1.250	1.250	20
YA399V	0.866	0.000	0.866	0.866	16
YA399W	-0.411	0.000	-0.411	-0.411	1
TA409A	-0.239	0.000	-0.239	-0.239	16
TA409C	0.244	0.000	0.244	0.244	20
TA409D	-0.630	0.000	-0.630	-0.630	8
TA409E	-0.809	0.000	-0.809	-0.809	5
TA409F	-0.276	0.000	-0.276	-0.276	15
TA409G	-0.577	0.000	-0.577	-0.577	10
TA409H	-0.128	0.000	-0.128	-0.128	17
TA409I	-0.816	0.000	-0.816	-0.816	4
TA409K	-0.572	0.000	-0.572	-0.572	11
TA409L	-0.848	0.000	-0.848	-0.848	3
TA409M	-0.350	0.000	-0.350	-0.350	13
TA409N	-0.427	0.000	-0.427	-0.427	12
TA409P	0.824	0.000	0.824	0.824	23
TA409Q	-0.602	0.000	-0.602	-0.602	9
TA409R	-0.707	0.000	-0.707	-0.707	7
TA409S	0.123	0.000	0.123	0.123	19
TA409V	0.796	0.000	0.796	0.796	22
TA409W	-0.951	0.000	-0.951	-0.951	2
TA409Y	-0.276	0.000	-0.276	-0.276	14
SA416A	0.225	0.000	0.225	0.225	14
SA416C	-0.012	0.000	-0.012	-0.012	3
SA416D	0.221	0.000	0.221	0.221	13
SA416E	2.109	0.000	2.109	2.109	18
SA416F	0.103	0.000	0.103	0.103	10
SA416G	0.087	0.000	0.087	0.087	9
SA416H	0.199	0.000	0.199	0.199	12
SA416I	2.698	0.000	2.698	2.698	22
SA416K	-0.113	0.000	-0.113	-0.113	1
SA416L	0.081	0.000	0.081	0.081	8
SA416M	0.156	0.000	0.156	0.156	11
SA416N	0.033	0.000	0.033	0.033	5
SA416P	4.647	0.000	4.647	4.647	23
SA416Q	1.343	0.000	1.343	1.343	17
SA416R	0.054	0.000	0.054	0.054	6
SA416T	2.354	0.000	2.354	2.354	19
SA416V	2.554	0.000	2.554	2.554	20
SA416W	0.265	0.000	0.265	0.265	15
SA416Y	0.057	0.000	0.057	0.057	7
YA433A	1.847	0.000	1.847	1.847	21
YA433C	1.097	0.000	1.097	1.097	12
YA433D	1.541	0.000	1.541	1.541	18
YA433E	1.302	0.000	1.302	1.302	14
YA433F	-0.181	0.000	-0.181	-0.181	2
YA433G	2.030	0.000	2.030	2.030	22
YA433H	0.472	0.000	0.472	0.472	5
YA433I	1.175	0.000	1.175	1.175	13
YA433K	0.649	0.000	0.649	0.649	10
YA433L	0.605	0.000	0.605	0.605	8
YA433M	0.449	0.000	0.449	0.449	4
YA433N	0.821	0.000	0.821	0.821	11
YA433P	2.285	0.000	2.285	2.285	23
YA433Q	0.624	0.000	0.624	0.624	9
YA433R	0.528	0.000	0.528	0.528	7
YA433S	1.569	0.000	1.569	1.569	19
YA433T	1.358	0.000	1.358	1.358	15
YA433V	1.363	0.000	1.363	1.363	16
YA433W	0.475	0.000	0.475	0.475	6
SA440A	0.153	0.000	0.153	0.153	10
SA440C	0.867	0.000	0.867	0.867	20
SA440D	0.531	0.000	0.531	0.531	17
SA440E	0.305	0.000	0.305	0.305	11
SA440F	0.324	0.000	0.324	0.324	12
SA440G	0.794	0.000	0.794	0.794	19
SA440H	0.374	0.000	0.374	0.374	14
SA440I	0.669	0.000	0.669	0.669	18
SA440K	-0.083	0.000	-0.083	-0.083	2
SA440L	0.050	0.000	0.050	0.050	6
SA440M	0.086	0.000	0.086	0.086	9
SA440N	0.052	0.000	0.052	0.052	8
SA440P	3.021	0.000	3.021	3.021	23
SA440Q	-0.048	0.000	-0.048	-0.048	3
SA440R	-0.474	0.000	-0.474	-0.474	1
SA440T	0.442	0.000	0.442	0.442	16
SA440V	0.976	0.000	0.976	0.976	22
SA440W	0.050	0.000	0.050	0.050	7
SA440Y	0.324	0.000	0.324	0.324	13
SA447A	0.495	0.000	0.495	0.495	6
SA447C	0.901	0.000	0.901	0.901	17
SA447D	0.872	0.000	0.872	0.872	16
SA447E	0.589	0.000	0.589	0.589	9
SA447F	0.709	0.000	0.709	0.709	13
SA447G	1.153	0.000	1.153	1.153	18
SA447H	0.801	0.000	0.801	0.801	15
SA447I	1.657	0.000	1.657	1.657	20
SA447K	0.235	0.000	0.235	0.235	3
SA447L	0.538	0.000	0.538	0.538	8
SA447M	0.732	0.000	0.732	0.732	14
SA447N	0.422	0.000	0.422	0.422	5
SA447P	3.585	0.000	3.585	3.585	23
SA447Q	0.520	0.000	0.520	0.520	7
SA447R	-0.600	0.000	-0.600	-0.600	1
SA447T	1.410	0.000	1.410	1.410	19
SA447V	2.037	0.000	2.037	2.037	21
SA447W	0.621	0.000	0.621	0.621	11
SA447Y	0.685	0.000	0.685	0.685	12
SA453A	0.272	0.000	0.272	0.272	16
SA453C	0.829	0.000	0.829	0.829	22
SA453D	0.530	0.000	0.530	0.530	19
SA453E	0.092	0.000	0.092	0.092	14
SA453F	-0.699	0.000	-0.699	-0.699	3
SA453G	0.794	0.000	0.794	0.794	21
SA453H	0.667	0.000	0.667	0.667	20
SA453I	-0.808	0.000	-0.808	-0.808	1
SA453K	-0.382	0.000	-0.382	-0.382	5
SA453L	-0.735	0.000	-0.735	-0.735	2
SA453M	-0.271	0.000	-0.271	-0.271	8
SA453N	0.357	0.000	0.357	0.357	18
SA453P	3.107	0.000	3.107	3.107	23
SA453Q	-0.093	0.000	-0.093	-0.093	10
SA453R	-0.493	0.000	-0.493	-0.493	4
SA453T	-0.176	0.000	-0.176	-0.176	9
SA453V	0.236	0.000	0.236	0.236	15
SA453W	-0.320	0.000	-0.320	-0.320	7
SA453Y	-0.376	0.000	-0.376	-0.376	6
SA469A	0.563	0.000	0.563	0.563	13
SA469C	0.132	0.000	0.132	0.132	10
SA469D	0.882	0.000	0.882	0.882	17
SA469E	0.963	0.000	0.963	0.963	19
SA469F	0.061	0.000	0.061	0.061	9
SA469G	0.939	0.000	0.939	0.939	18
SA469H	0.869	0.000	0.869	0.869	16
SA469I	0.752	0.000	0.752	0.752	15
SA469K	-0.388	0.000	-0.388	-0.388	2
SA469L	0.004	0.000	0.004	0.004	8
SA469M	0.001	0.000	0.001	0.001	7
SA469N	0.356	0.000	0.356	0.356	11
SA469P	5.160	0.000	5.160	5.160	23
SA469Q	-0.285	0.000	-0.285	-0.285	4
SA469R	-0.579	0.000	-0.579	-0.579	1
SA469T	0.470	0.000	0.470	0.470	12
SA469V	1.166	0.000	1.166	1.166	20
SA469W	0.729	0.000	0.729	0.729	14
SA469Y	-0.328	0.000	-0.328	-0.328	3
SA235s	0.021	0.000	0.021	0.021	5
YA239y	3.388	0.000	3.388	3.388	22
YA248y	10.662	0.000	10.662	10.662	23
SA257s	0.123	0.000	0.123	0.123	23
SA259s	2.157	0.000	2.157	2.157	20
SA275s	-0.019	0.000	-0.019	-0.019	14
TA282p	-0.676	0.000	-0.676	-0.676	3
TA284p	3.058	0.000	3.058	3.058	14
SA333s	0.605	0.000	0.605	0.605	18
SA337s	-0.240	0.000	-0.240	-0.240	13
TA340p	-0.589	0.000	-0.589	-0.589	4
SA367s	-0.486	0.000	-0.486	-0.486	7
TA369p	0.876	0.000	0.876	0.876	6
YA399y	0.946	0.000	0.946	0.946	17
TA409p	-0.808	0.000	-0.808	-0.808	6
SA416s	0.348	0.000	0.348	0.348	16
YA433y	1.386	0.000	1.386	1.386	17
SA440s	0.411	0.000	0.411	0.411	15
SA447s	0.621	0.000	0.621	0.621	10
SA453s	0.273	0.000	0.273	0.273	17
SA469s	2.331	0.000	2.331	2.331	21
