# avg	std	min	max
0.25569 0.00000 0.25569 0.25569
0.00000 0.00000 0.00000 0.00000
-0.05648 0.00412 -0.05920 -0.04828
0.05512 0.02076 0.01912 0.07312
-0.32243 0.00042 -0.32318 -0.32190
-0.50159 0.03990 -0.56492 -0.44355
0.09436 0.04379 0.03904 0.14898
-0.03362 0.10060 -0.16106 0.09712
-0.97689 0.07988 -1.05278 -0.85214
-1.04145 0.00029 -1.04171 -1.04096
-1.05398 0.00711 -1.06144 -1.04318
-0.50381 0.00004 -0.50385 -0.50374
0.13051 0.00507 0.12204 0.13660
-0.33977 0.04334 -0.36956 -0.25549
-0.88337 0.00390 -0.88715 -0.87589
0.10140 0.00225 0.09932 0.10422
-0.25949 0.02806 -0.31540 -0.24170
-0.57962 0.08199 -0.74125 -0.51481
-1.17121 0.23204 -1.52181 -0.91819
0.19419 0.05405 0.13581 0.27531
0.06518 0.01344 0.04875 0.07773
0.18932 0.14608 -0.07876 0.31928
-0.21635 0.01973 -0.24173 -0.18746
