# avg	std	min	max
1.87901 0.00000 1.87901 1.87901
0.00000 0.00000 0.00000 0.00000
2.58696 0.04681 2.53792 2.65402
6.71242 0.48034 5.97846 7.26381
5.74343 0.80247 4.33666 6.63398
4.32111 0.93227 3.00022 5.56386
18.71956 3.71644 14.26960 23.02950
33.59456 5.25307 26.25050 39.60760
4.07235 0.24369 3.85154 4.48750
-0.09063 0.00211 -0.09220 -0.08650
0.61312 0.01863 0.58472 0.64034
1.97212 0.08311 1.92218 2.13764
23.68760 3.50101 20.32610 29.91500
6.86290 0.73902 5.86472 8.15229
8.96161 2.55385 5.79259 12.62340
7.96757 0.82556 6.84101 9.35982
8.79796 1.63540 6.88012 11.36990
10.47373 2.59608 5.53333 12.49880
14.27903 4.73178 9.44941 20.68190
21.71112 0.50680 21.19790 22.59290
15.34294 1.64633 12.35660 16.75590
19.90994 2.59178 15.27950 23.24270
17.98018 1.00061 16.85090 19.34720
