# avg	std	min	max
1.59447 0.03065 1.56857 1.65399
0.00000 0.00000 0.00000 0.00000
4.76821 0.41033 4.09914 5.31717
5.88397 2.08802 2.59533 8.82288
7.54269 0.06750 7.49272 7.67265
4.94636 0.75039 3.65124 5.98055
10.91550 0.73327 9.80861 11.89040
23.23102 9.92219 7.52791 34.35340
-0.27283 0.08522 -0.36251 -0.11827
1.01349 0.00326 1.00924 1.01757
3.30381 0.17540 3.09948 3.57908
2.43828 0.13948 2.22659 2.55923
11.49316 1.01952 9.77838 12.91260
6.96737 1.55171 4.54588 9.08688
6.36506 0.92842 5.01717 7.57829
9.20951 0.61134 8.53087 10.22150
8.18633 1.52010 5.80209 9.47942
8.89859 0.41584 8.30293 9.57995
6.82060 0.54263 6.09042 7.64090
18.76016 0.77177 17.70680 19.95760
18.25652 0.21920 17.90280 18.51390
20.48804 0.31351 19.89760 20.83800
17.60558 2.71260 14.36240 21.91450
