# avg	std	min	max
0.64981 0.00000 0.64981 0.64981
-0.00000 0.00000 -0.00000 0.00000
0.50656 0.01733 0.48307 0.53429
-0.72969 0.01979 -0.76907 -0.71604
0.16953 0.00207 0.16770 0.17309
-1.41579 0.13691 -1.57625 -1.24130
-1.17704 0.00572 -1.18616 -1.17109
-0.93977 0.20288 -1.10588 -0.53990
3.42758 0.02131 3.39517 3.45191
0.04474 0.00369 0.04058 0.05020
0.18210 0.00196 0.17839 0.18389
0.39575 0.15478 0.20386 0.53753
-0.62299 0.00643 -0.62992 -0.61144
-0.18260 0.00190 -0.18639 -0.18138
-0.56796 0.01938 -0.58910 -0.53945
0.31713 0.03754 0.26909 0.35499
-0.25068 0.03494 -0.30041 -0.20684
-0.69944 0.04946 -0.77351 -0.62456
-0.98093 0.09055 -1.14669 -0.89521
0.26741 0.00425 0.26237 0.27516
0.07808 0.05901 0.00933 0.18435
0.56207 0.03430 0.52840 0.62166
-1.49152 0.13357 -1.68690 -1.29436
