# avg	std	min	max
2.49483 0.00000 2.49483 2.49483
0.00000 0.00000 0.00000 0.00000
1.67239 1.02326 0.44803 2.82434
5.91367 1.47691 4.06146 7.63823
4.76992 1.29907 2.42775 6.17310
7.23896 1.53520 4.38327 8.95007
15.32228 1.09809 13.60440 16.61790
26.22848 10.79842 13.93360 43.89200
7.09479 0.90620 5.28243 7.55887
1.34618 0.00414 1.34205 1.35331
1.54468 0.48960 1.00180 2.11610
1.74788 0.27249 1.51711 2.27482
24.54822 7.79140 9.33760 31.26340
5.35297 0.47899 4.81895 6.17319
9.11278 0.78935 7.94686 10.17910
7.97507 0.50294 7.27959 8.67407
9.64432 0.49391 8.77161 10.07340
9.98070 1.50809 7.28127 11.64770
7.61590 2.45679 5.29646 12.28570
17.16789 4.84351 9.10313 23.45190
16.58974 2.29681 13.66760 20.09140
17.81866 0.69296 16.86830 18.64570
27.74536 2.15475 24.80970 30.94090
