# avg	std	min	max
0.70868 0.02304 0.66261 0.72020
0.00000 0.00000 -0.00000 0.00000
0.45187 0.01247 0.44039 0.46939
-0.18291 0.12070 -0.42263 -0.09970
-0.04820 0.03143 -0.09930 -0.01121
-0.29829 0.09036 -0.43279 -0.17190
-0.27327 0.04764 -0.36623 -0.23655
-0.69282 0.03265 -0.74241 -0.65204
2.91742 0.07498 2.82207 2.99623
0.00138 0.00003 0.00134 0.00142
0.57097 0.00064 0.57048 0.57207
0.69993 0.01694 0.69141 0.73380
-0.18612 0.00106 -0.18737 -0.18493
-0.10978 0.00854 -0.11425 -0.09270
-0.20760 0.05742 -0.31422 -0.16066
1.13902 0.14310 0.96554 1.29174
1.08430 0.22843 0.62821 1.21429
-0.18123 0.00628 -0.18973 -0.17143
-0.70419 0.02440 -0.72894 -0.65878
-0.17079 0.01132 -0.17768 -0.14832
1.25316 0.29025 0.85056 1.53918
1.30467 0.31425 0.67706 1.48477
0.23664 0.02288 0.19805 0.26160
