# avg	std	min	max
1.85338 0.04233 1.78243 1.90940
-0.00000 0.00000 -0.00000 0.00000
3.94376 0.05115 3.87478 4.01125
1.12636 0.89314 -0.19835 2.13758
3.97704 0.27066 3.79336 4.51529
0.09518 0.45422 -0.49813 0.71538
4.73797 0.45648 4.24795 5.43565
7.70494 0.84259 6.80216 8.73515
7.48240 0.35204 7.08289 7.95944
0.80730 0.00034 0.80665 0.80755
4.29121 0.06613 4.20442 4.40478
1.82137 0.01966 1.79499 1.84911
4.37931 0.86907 3.60907 6.07515
4.28221 1.13222 2.86846 5.66154
3.98455 1.16831 2.50902 5.49832
6.84776 0.63231 5.72008 7.60532
5.95319 0.57255 5.53949 7.08962
2.42763 0.64146 1.59488 3.52887
1.74440 1.24625 0.36922 3.85018
6.87711 2.81961 3.48915 10.67260
7.58649 0.65517 6.98164 8.84882
12.14420 0.57569 11.00870 12.60150
6.09054 0.25215 5.71966 6.44067
