# avg	std	min	max
0.28285 0.00000 0.28285 0.28285
0.00000 0.00000 0.00000 0.00000
-0.24911 0.04836 -0.27503 -0.15255
-0.44008 0.01570 -0.45360 -0.41137
-0.53450 0.02713 -0.55114 -0.48096
-0.29381 0.02666 -0.31926 -0.26107
-0.43378 0.07702 -0.54920 -0.30977
-0.54615 0.05857 -0.58030 -0.42911
0.18189 0.02309 0.16242 0.21847
-0.01752 0.00002 -0.01755 -0.01748
-0.67474 0.04368 -0.70106 -0.58763
-0.33865 0.08886 -0.41711 -0.20485
-0.48934 0.03712 -0.54236 -0.45643
-0.69935 0.00695 -0.70410 -0.68560
-0.65315 0.05600 -0.74571 -0.57920
-0.41392 0.03451 -0.43317 -0.34497
-0.62156 0.17234 -0.71756 -0.27729
-0.73289 0.02584 -0.76483 -0.69405
-0.89678 0.18795 -1.09032 -0.64044
-0.22240 0.05431 -0.32687 -0.17161
-0.54461 0.26691 -0.89550 -0.29932
-0.35943 0.02038 -0.38069 -0.32378
-0.72506 0.01815 -0.75812 -0.70669
