# avg	std	min	max
0.17937 0.00000 0.17937 0.17937
0.00000 0.00000 0.00000 0.00000
0.09167 0.00506 0.08765 0.10144
-0.02082 0.00311 -0.02466 -0.01778
0.14155 0.03099 0.12516 0.20351
0.09306 0.00299 0.08828 0.09558
-0.09740 0.00743 -0.10782 -0.08581
0.08872 0.00080 0.08742 0.08985
-0.56388 0.00166 -0.56720 -0.56298
-0.42460 0.00004 -0.42464 -0.42452
0.03146 0.00873 0.01985 0.03966
0.16361 0.01392 0.15164 0.18362
-0.11054 0.00481 -0.11577 -0.10229
-0.12262 0.08063 -0.20969 -0.02280
-0.19213 0.03874 -0.22454 -0.11964
0.06731 0.00017 0.06714 0.06764
-0.44398 0.01966 -0.47281 -0.41465
-0.09860 0.08143 -0.23708 -0.01597
-0.62310 0.17032 -0.92483 -0.45803
0.04677 0.00203 0.04476 0.05017
0.16324 0.00546 0.15588 0.17151
0.18787 0.01014 0.17862 0.20648
-0.15937 0.01423 -0.18119 -0.14516
