# avg	std	min	max
0.13843 0.00092 0.13659 0.13890
0.00000 0.00000 0.00000 0.00000
-0.14139 0.00152 -0.14418 -0.13985
-0.19911 0.05993 -0.26867 -0.09044
-0.29174 0.00009 -0.29185 -0.29157
-0.18786 0.01694 -0.20233 -0.15894
-0.09937 0.00805 -0.10577 -0.08377
0.01850 0.01505 0.00224 0.03963
0.17165 0.00105 0.17098 0.17374
-0.18605 0.00061 -0.18667 -0.18499
-0.19911 0.00364 -0.20478 -0.19526
-0.03202 0.07839 -0.18821 0.01418
-0.12299 0.03902 -0.19847 -0.08986
-0.11472 0.04582 -0.16609 -0.05262
-0.16636 0.01050 -0.17404 -0.14682
-1.34545 0.09692 -1.52275 -1.24203
-1.24134 0.45295 -1.69489 -0.68196
-0.17193 0.00494 -0.17756 -0.16558
-0.10037 0.01362 -0.11514 -0.07935
0.02304 0.01607 -0.00819 0.03802
-1.61700 0.21414 -1.78363 -1.21031
-0.53343 0.02719 -0.56584 -0.48565
-1.02659 0.06490 -1.10677 -0.95055
