# avg	std	min	max
-0.04503 0.01964 -0.08432 -0.03521
0.00000 0.00000 0.00000 0.00000
-0.27719 0.00056 -0.27824 -0.27669
-0.16619 0.00644 -0.17487 -0.15840
-0.24566 0.00608 -0.25198 -0.23732
-0.15555 0.01386 -0.16757 -0.13086
-0.40241 0.00006 -0.40250 -0.40231
-0.23187 0.02769 -0.27608 -0.19395
2.61587 0.03269 2.58343 2.67893
-0.16355 0.00000 -0.16355 -0.16355
-0.37759 0.00021 -0.37783 -0.37732
-0.17173 0.00013 -0.17189 -0.17156
-0.42101 0.00098 -0.42270 -0.41964
-0.04046 0.00117 -0.04121 -0.03819
-0.42523 0.13717 -0.58591 -0.26125
-0.05882 0.00070 -0.05966 -0.05799
-0.33034 0.00586 -0.33415 -0.31867
-0.36901 0.10909 -0.54743 -0.28069
-0.56897 0.12540 -0.78013 -0.46236
-0.07047 0.00157 -0.07185 -0.06747
-0.33318 0.01054 -0.35136 -0.32372
-0.43158 0.01906 -0.44673 -0.39452
-1.12524 0.03978 -1.17394 -1.05437
