# avg	std	min	max
-0.08699 0.02350 -0.11526 -0.06201
0.00000 0.00000 0.00000 0.00000
-0.13875 0.00264 -0.14347 -0.13541
-1.06065 0.00894 -1.06797 -1.04336
-0.05536 0.01127 -0.06598 -0.03999
-0.82483 0.02568 -0.87488 -0.80268
-0.56195 0.18797 -0.70881 -0.20054
-0.35950 0.05689 -0.41367 -0.27442
-0.44157 0.00350 -0.44590 -0.43743
0.05108 0.00840 0.03552 0.05867
-0.17366 0.00534 -0.18415 -0.17027
-0.29917 0.00232 -0.30381 -0.29795
-0.19440 0.12333 -0.33844 -0.02163
-0.48648 0.00343 -0.48932 -0.48174
-0.58311 0.09917 -0.75214 -0.50177
-0.74153 0.00784 -0.75307 -0.73300
-0.65073 0.00097 -0.65194 -0.64900
-0.61976 0.01694 -0.64236 -0.59613
-0.42910 0.01646 -0.46114 -0.41737
-0.00478 0.14055 -0.17510 0.18657
-0.51002 0.00421 -0.51488 -0.50471
-0.71578 0.00226 -0.71955 -0.71315
-0.60532 0.04655 -0.67664 -0.53726
