# avg	std	min	max
0.22169 0.00000 0.22169 0.22169
0.00000 0.00000 0.00000 0.00000
0.76090 0.43708 0.29576 1.29529
0.26451 0.00021 0.26432 0.26490
0.07055 0.09850 -0.02410 0.24673
0.23261 0.00157 0.22963 0.23399
0.27924 0.00212 0.27640 0.28200
0.25345 0.00657 0.25000 0.26659
-0.72632 0.00047 -0.72719 -0.72585
0.29329 0.00001 0.29328 0.29329
0.78652 0.35093 0.43731 1.35397
0.41264 0.00020 0.41233 0.41293
0.28129 0.00112 0.27997 0.28333
0.35843 0.00139 0.35687 0.36021
0.06990 0.17168 -0.07659 0.32090
-0.13967 0.00097 -0.14083 -0.13840
-0.19606 0.00212 -0.19965 -0.19420
0.29746 0.00252 0.29294 0.29959
0.30319 0.00381 0.29851 0.30739
0.37558 0.00395 0.36801 0.37852
-0.23232 0.00430 -0.23921 -0.22797
0.42617 0.29613 0.16220 0.78939
-0.19508 0.03227 -0.22300 -0.13853
