# avg	std	min	max
0.12494 0.01814 0.11088 0.15501
0.00000 0.00000 0.00000 0.00000
0.13308 0.00267 0.13158 0.13840
-0.20041 0.00537 -0.20714 -0.19066
0.01911 0.07281 -0.01744 0.16472
-0.41570 0.08480 -0.48344 -0.25095
-0.61597 0.02628 -0.65266 -0.59353
-0.99507 0.10702 -1.06975 -0.78686
-0.95429 0.00124 -0.95517 -0.95189
0.13781 0.00006 0.13774 0.13790
0.07600 0.00046 0.07513 0.07643
0.20399 0.00018 0.20377 0.20418
-0.69605 0.11680 -0.84140 -0.51410
0.15377 0.00003 0.15374 0.15381
0.09013 0.01116 0.07864 0.11146
-0.06456 0.00037 -0.06485 -0.06384
-0.31743 0.01689 -0.34570 -0.29762
-0.04809 0.00077 -0.04889 -0.04702
-0.31999 0.14892 -0.44832 -0.03167
0.06894 0.00168 0.06775 0.07222
-0.20811 0.01613 -0.21981 -0.17613
-0.11054 0.00486 -0.11369 -0.10089
-0.48824 0.01514 -0.50389 -0.46565
