# avg	std	min	max
0.13393 0.00000 0.13393 0.13393
0.00000 0.00000 0.00000 0.00000
0.22228 0.02107 0.19491 0.25434
0.08213 0.01010 0.07577 0.10223
0.08438 0.09492 -0.03483 0.19664
0.19026 0.00577 0.17919 0.19520
-0.19714 0.02124 -0.22296 -0.15830
-0.12927 0.24626 -0.47583 0.12871
-0.98268 0.00448 -0.98567 -0.97379
0.09050 0.00001 0.09049 0.09051
0.14760 0.01385 0.12755 0.15976
0.24691 0.00098 0.24605 0.24857
-0.15243 0.04880 -0.22559 -0.08648
-0.06379 0.01235 -0.07926 -0.04273
-0.13266 0.01865 -0.16819 -0.11649
0.15113 0.00120 0.14874 0.15189
0.08304 0.00566 0.07495 0.09198
-0.11770 0.00706 -0.12834 -0.11071
-0.08248 0.00903 -0.09959 -0.07448
-0.06984 0.03471 -0.10952 -0.02774
0.17474 0.00569 0.16426 0.17983
0.31239 0.01957 0.28832 0.34162
-0.15189 0.03505 -0.20637 -0.10180
