# avg	std	min	max
0.93664 0.00040 0.93587 0.93696
-0.00000 0.00000 -0.00000 0.00000
-0.11460 0.03725 -0.14436 -0.04319
-1.22665 0.00951 -1.24144 -1.21291
-0.49691 0.02694 -0.54489 -0.46135
-0.85672 0.03909 -0.92069 -0.80229
-0.63966 0.15481 -0.74879 -0.33188
-0.62620 0.10504 -0.83348 -0.55805
0.85007 0.10446 0.68115 0.98550
0.56265 0.00276 0.56120 0.56817
0.33616 0.01748 0.30748 0.36030
0.24041 0.01483 0.23141 0.26972
-0.61896 0.06154 -0.68069 -0.51450
0.18860 0.01078 0.17644 0.20116
-0.70619 0.04033 -0.76694 -0.65856
0.28131 0.03133 0.22985 0.31645
-0.34138 0.06432 -0.37640 -0.21280
-1.01168 0.05498 -1.07467 -0.93205
-0.90006 0.01297 -0.91685 -0.87834
-0.09487 0.04064 -0.12508 -0.01719
0.10548 0.03891 0.07039 0.18132
-0.11850 0.01653 -0.14656 -0.09502
-0.55842 0.12702 -0.72525 -0.37160
