# avg	std	min	max
1.70853 0.00000 1.70853 1.70853
0.00000 0.00000 0.00000 0.00000
0.40830 0.00099 0.40728 0.40968
-0.04281 0.02679 -0.06471 -0.00701
2.17427 0.00171 2.17235 2.17740
-0.16590 0.00772 -0.17543 -0.15657
-0.04444 0.01000 -0.05266 -0.03197
1.42429 0.00493 1.41788 1.43104
1.90183 0.03169 1.84970 1.94718
0.25313 0.00146 0.25176 0.25563
0.24103 0.00047 0.24010 0.24140
0.04855 0.00879 0.04108 0.06522
-0.06122 0.00573 -0.07268 -0.05808
-0.29887 0.00702 -0.31115 -0.28974
-0.48264 0.03248 -0.54759 -0.46513
-0.10863 0.00269 -0.11099 -0.10521
0.06938 0.00814 0.06101 0.08196
-0.60278 0.06759 -0.65304 -0.47029
-0.76452 0.17628 -1.02026 -0.56851
-0.44845 0.00139 -0.45086 -0.44687
0.43932 0.00321 0.43410 0.44415
0.59142 0.00217 0.58862 0.59367
-0.33784 0.01178 -0.36039 -0.32569
