# avg	std	min	max
-0.36064 0.00000 -0.36064 -0.36064
0.00000 0.00000 0.00000 0.00000
0.46840 0.00024 0.46823 0.46886
-0.21240 0.00096 -0.21353 -0.21105
0.31963 0.00082 0.31904 0.32121
-0.09443 0.03441 -0.14918 -0.04638
-0.08155 0.01617 -0.10946 -0.06265
-0.34334 0.21770 -0.63153 -0.03320
1.59221 0.02780 1.54695 1.61807
-0.69414 0.00013 -0.69430 -0.69398
0.77326 0.10691 0.61960 0.88637
0.20218 0.22655 -0.25091 0.31601
-0.06997 0.00225 -0.07180 -0.06632
-0.40655 0.01476 -0.43606 -0.39872
-0.46369 0.02640 -0.51647 -0.44965
-0.01785 0.00060 -0.01832 -0.01667
-0.27930 0.02516 -0.30263 -0.24426
-0.39885 0.02150 -0.42859 -0.37355
-0.50792 0.00750 -0.52142 -0.50047
0.09282 0.08909 -0.01377 0.20092
-0.32236 0.00735 -0.33488 -0.31374
0.60070 0.01040 0.58499 0.61088
-0.96685 0.04231 -1.03657 -0.90428
