# avg	std	min	max
0.73007 0.00000 0.73007 0.73007
0.00000 0.00000 0.00000 0.00000
0.57326 0.03428 0.50471 0.59052
-0.05875 0.00552 -0.06976 -0.05552
-0.03308 0.02845 -0.08995 -0.01752
-0.19158 0.03079 -0.25125 -0.16760
-0.19640 0.04691 -0.24883 -0.13908
-0.35436 0.04871 -0.41763 -0.30136
3.64840 0.07103 3.57802 3.76643
0.36626 0.11068 0.31082 0.58761
0.80345 0.01838 0.77958 0.82478
0.83072 0.00036 0.83035 0.83134
-0.20962 0.07014 -0.29965 -0.11550
0.17065 0.00616 0.15981 0.17756
0.17653 0.02827 0.13814 0.20244
0.43424 0.00079 0.43270 0.43490
0.17661 0.00408 0.17103 0.18023
-0.19812 0.10210 -0.32103 -0.07581
-0.44774 0.21994 -0.70910 -0.15750
0.40760 0.00991 0.39573 0.42035
0.39251 0.00762 0.38376 0.40416
0.37327 0.01576 0.36076 0.40269
-0.58942 0.04716 -0.65251 -0.50766
