# avg	std	min	max
0.84609 0.00000 0.84608 0.84608
0.00000 0.00000 0.00000 0.00000
0.33655 0.05453 0.29542 0.44346
-0.18306 0.12096 -0.33716 -0.04802
0.19708 0.18751 -0.00518 0.54613
-0.31849 0.13835 -0.45652 -0.06653
0.02940 0.28194 -0.51206 0.25424
0.04585 0.07957 -0.05297 0.12582
1.00652 0.03657 0.95068 1.04899
0.19172 0.14673 0.06641 0.47996
0.58173 0.11069 0.41372 0.71096
0.76721 0.03459 0.71426 0.81384
-0.05937 0.48092 -1.01297 0.29833
0.77318 0.01262 0.75172 0.78791
-0.04854 0.07818 -0.12203 0.06592
1.22208 0.09195 1.15004 1.40101
0.74203 0.11724 0.54398 0.87398
-0.23377 0.03135 -0.27363 -0.20199
-0.52186 0.30437 -1.05760 -0.14832
1.03129 0.04996 0.98181 1.09557
1.19442 0.08731 1.12790 1.36491
1.60117 0.12118 1.36333 1.70286
0.67930 0.03269 0.62506 0.72123
