# avg	std	min	max
0.63575 0.00019 0.63537 0.63588
0.00000 0.00000 0.00000 0.00000
0.15658 0.00114 0.15563 0.15824
-0.26891 0.01808 -0.28459 -0.24347
-0.22640 0.00998 -0.24487 -0.21472
-0.44725 0.00859 -0.45740 -0.43681
0.14714 0.05482 0.04651 0.20519
-0.00653 0.00921 -0.02122 0.00696
-0.96262 0.02937 -1.00728 -0.91960
0.38611 0.00005 0.38603 0.38618
0.28444 0.00012 0.28430 0.28465
0.64596 0.00171 0.64386 0.64903
0.11236 0.06678 0.00277 0.19082
0.32095 0.00275 0.31650 0.32399
-0.50606 0.05202 -0.59850 -0.43692
-0.06593 0.00138 -0.06722 -0.06387
-1.02946 0.01596 -1.04123 -0.99841
-0.45953 0.07690 -0.58400 -0.37572
-0.49402 0.03217 -0.54519 -0.44650
0.29137 0.00359 0.28841 0.29817
-0.11197 0.01473 -0.12550 -0.09078
-0.06244 0.02085 -0.08452 -0.02704
-0.38582 0.04440 -0.44324 -0.33440
