# avg	std	min	max
1.35628 0.00785 1.34104 1.36231
-0.52676 0.00350 -0.53365 -0.52429
-1.75367 0.03317 -1.81422 -1.72169
3.17705 1.95298 0.15104 5.49787
0.18758 0.21123 -0.15694 0.42253
0.84650 0.33451 0.42563 1.21855
8.41602 0.66132 7.72551 9.44804
3.84862 1.03138 2.87403 5.68764
4.86944 0.14719 4.69746 5.10700
1.21726 0.00068 1.21646 1.21807
0.56198 0.00082 0.56084 0.56326
-0.00067 0.00070 -0.00171 0.00022
8.64744 0.64300 8.06150 9.76983
3.55888 0.80916 2.33195 4.53666
3.25024 2.27261 0.58159 6.26144
3.70192 0.22844 3.42793 3.95535
2.14199 0.34037 1.84130 2.77608
2.51390 0.54434 1.74678 3.31340
2.59468 0.81118 1.64014 4.07930
8.72502 2.03209 5.79555 11.03430
6.73340 0.22659 6.36553 7.03632
10.31044 0.32341 9.96637 10.76510
6.86087 0.50750 6.35651 7.67526
