# avg	std	min	max
-0.06355 0.00008 -0.06369 -0.06346
0.15312 0.00117 0.15084 0.15413
-0.00617 0.00023 -0.00660 -0.00595
-0.09663 0.00264 -0.10012 -0.09219
-0.16383 0.00044 -0.16452 -0.16315
-0.19697 0.00288 -0.20117 -0.19372
-0.32707 0.00366 -0.33056 -0.32010
-0.06656 0.00558 -0.07159 -0.05753
1.27266 0.01788 1.24997 1.30384
0.09967 0.00497 0.09464 0.10602
-0.08437 0.00036 -0.08492 -0.08393
0.00191 0.00379 -0.00078 0.00932
-0.29069 0.01157 -0.30032 -0.27530
-0.28992 0.00487 -0.29697 -0.28379
-0.35796 0.01412 -0.37101 -0.33408
-0.32248 0.01068 -0.34066 -0.31417
-0.09763 0.00450 -0.10333 -0.09299
-0.58025 0.03171 -0.61587 -0.52669
-0.44312 0.03593 -0.48332 -0.37659
-0.15617 0.00020 -0.15641 -0.15590
0.07202 0.00654 0.06186 0.07946
0.00014 0.00750 -0.01430 0.00718
-0.65890 0.01935 -0.68859 -0.63467
