# avg	std	min	max
0.23972 0.02091 0.20669 0.27060
-0.55234 0.00038 -0.55294 -0.55174
-0.23339 0.00624 -0.24169 -0.22347
-1.44247 0.06189 -1.52667 -1.35314
-0.71041 0.00072 -0.71133 -0.70928
-1.14711 0.00105 -1.14808 -1.14514
-0.82823 0.02815 -0.85199 -0.77397
-1.50262 0.12463 -1.72171 -1.38085
2.21185 0.08003 2.10009 2.32673
-0.46479 0.02088 -0.49557 -0.43333
0.09175 0.03491 0.04034 0.14267
0.00008 0.00018 -0.00006 0.00044
-0.89063 0.05778 -0.95162 -0.79402
-0.88608 0.02667 -0.91452 -0.83997
-1.10866 0.07455 -1.21647 -1.00984
-0.27013 0.01853 -0.28700 -0.23496
-0.74075 0.01727 -0.75847 -0.71862
-1.49216 0.02783 -1.53924 -1.45772
-1.55688 0.12346 -1.79286 -1.42849
-0.43483 0.03209 -0.47127 -0.38224
-0.51991 0.01080 -0.53549 -0.50249
-0.15506 0.10002 -0.21307 0.04467
-1.46066 0.12849 -1.69161 -1.34751
