# avg	std	min	max
1.16723 0.05777 1.08566 1.22460
0.73368 0.05759 0.66795 0.82573
0.90282 0.21656 0.58091 1.26339
0.61752 0.22043 0.26326 0.89793
0.33370 0.15019 0.21821 0.62534
0.72129 0.13180 0.57728 0.95236
0.50953 0.04662 0.42948 0.56778
1.16470 0.19200 0.89687 1.41202
0.59156 0.08428 0.44730 0.69594
0.59799 0.02134 0.56364 0.62959
0.69125 0.12620 0.52770 0.85286
1.00287 0.05360 0.90531 1.06114
-0.10127 0.20314 -0.44285 0.09251
0.64032 0.17698 0.42209 0.79008
0.31061 0.11585 0.20283 0.49400
0.00321 0.00642 -0.00000 0.01604
-0.36763 0.11387 -0.49876 -0.16987
0.21693 0.17705 -0.12806 0.34989
0.47542 0.32657 0.02137 1.03202
1.17688 0.04958 1.11030 1.24784
-0.02687 0.19767 -0.21674 0.27252
0.65327 0.02401 0.62630 0.68790
-0.05389 0.22846 -0.30317 0.32443
