# avg	std	min	max
4.15275 0.02662 4.11950 4.19754
2.87452 0.02928 2.81950 2.90583
3.91614 0.23748 3.54858 4.26080
3.02820 0.31607 2.69526 3.56827
3.93772 0.44175 3.38577 4.39551
2.89902 0.16708 2.68246 3.09517
4.20804 0.38891 3.55987 4.72644
3.55868 0.49075 2.95810 4.22591
3.17829 0.24626 2.84058 3.60306
3.78098 0.17055 3.45511 3.94597
3.62938 0.48372 3.09165 4.51923
3.56233 0.23891 3.18599 3.86576
4.43175 1.06707 3.54440 6.48215
3.81009 0.35176 3.57205 4.49539
2.83471 0.23145 2.43403 3.13975
-0.01339 0.00000 -0.01339 -0.01339
1.10939 0.30728 0.54651 1.38854
3.06075 0.15285 2.76016 3.17552
3.14447 0.11463 3.01523 3.31646
3.99663 0.63277 3.22955 4.92332
0.95624 0.17320 0.70995 1.18144
3.28192 0.73154 2.42202 4.34274
3.14090 0.86498 2.41338 4.64311
