# avg	std	min	max
1.43767 0.02843 1.39762 1.48012
0.39138 0.01231 0.37372 0.40781
0.73262 0.03166 0.69371 0.78851
-0.26850 0.04595 -0.32056 -0.20431
0.17262 0.04353 0.09292 0.21267
0.14012 0.03020 0.10625 0.17599
-0.19290 0.04691 -0.25892 -0.12980
-0.40223 0.08368 -0.50994 -0.28506
0.58409 0.01764 0.56393 0.60685
0.78514 0.02073 0.77066 0.82612
0.79383 0.02454 0.76992 0.83400
1.03047 0.01426 1.00493 1.04413
-0.12488 0.07984 -0.25111 -0.02195
0.82106 0.01797 0.79129 0.84561
0.19256 0.04689 0.12752 0.26201
-0.00944 0.01158 -0.03041 0.00099
0.10577 0.05530 0.04213 0.20881
-0.06038 0.02297 -0.09094 -0.02507
-0.08846 0.06837 -0.19500 0.02006
0.66609 0.01800 0.64851 0.69775
-0.32348 0.08595 -0.38898 -0.17293
-0.07670 0.05073 -0.16324 -0.00909
-0.59031 0.07671 -0.69154 -0.48726
