# avg	std	min	max
0.38000 0.00957 0.36724 0.39279
0.15571 0.00593 0.14725 0.16333
0.36435 0.01561 0.33822 0.38485
-0.12838 0.02568 -0.15255 -0.08109
0.19686 0.01529 0.18166 0.22210
-0.04657 0.07861 -0.14249 0.05743
-0.02987 0.06164 -0.13271 0.03945
-0.11928 0.06732 -0.24330 -0.05446
-0.98113 0.02176 -1.00859 -0.94316
0.33022 0.01241 0.31492 0.35197
0.41264 0.00777 0.40152 0.42224
0.34231 0.02256 0.31133 0.38023
-0.07520 0.02148 -0.09903 -0.04552
0.24897 0.04018 0.16943 0.27719
-0.19262 0.03179 -0.25022 -0.15231
-0.00405 0.00588 -0.01485 0.00031
-0.53072 0.04812 -0.62089 -0.47674
-0.16688 0.06484 -0.28379 -0.10542
-0.28237 0.08147 -0.34480 -0.12983
0.24010 0.00218 0.23665 0.24227
-0.28314 0.06968 -0.35820 -0.15928
-0.16122 0.05304 -0.20600 -0.05906
-0.64445 0.03507 -0.68733 -0.60567
