# avg	std	min	max
0.83126 0.07329 0.69899 0.89857
-0.33173 0.05536 -0.42167 -0.26070
-0.11481 0.05064 -0.18727 -0.04624
-0.64313 0.08943 -0.73541 -0.50452
-0.56365 0.07805 -0.64011 -0.42206
-0.92966 0.09119 -1.03725 -0.81239
-0.68681 0.18024 -0.82842 -0.34585
-0.85308 0.14759 -1.02391 -0.59830
3.88527 0.02327 3.85844 3.91967
-0.19495 0.03966 -0.23570 -0.12038
0.02546 0.05620 -0.05359 0.11987
0.58090 0.08537 0.43465 0.69772
-0.56673 0.03449 -0.62849 -0.52947
0.20581 0.05260 0.14552 0.28584
-0.51589 0.04959 -0.56507 -0.42654
0.00115 0.00539 -0.00611 0.01060
-0.38531 0.12994 -0.50518 -0.14642
-0.51866 0.12248 -0.69521 -0.38987
-0.51148 0.06431 -0.60344 -0.42390
0.15731 0.06069 0.06756 0.25615
-0.04042 0.10342 -0.23363 0.04933
1.06002 0.30572 0.87244 1.66776
-0.86811 0.05314 -0.94546 -0.79128
