# avg	std	min	max
0.88861 0.00000 0.88861 0.88861
0.80144 0.00000 0.80144 0.80144
0.86633 0.00019 0.86617 0.86657
0.75110 0.00581 0.74642 0.76056
0.83571 0.00370 0.83334 0.84305
0.89710 0.00559 0.88939 0.90490
0.86596 0.00284 0.86445 0.87164
0.78356 0.04048 0.74226 0.84221
0.51826 0.00026 0.51795 0.51868
0.60335 0.00170 0.60104 0.60560
0.82655 0.00011 0.82644 0.82675
0.80751 0.00041 0.80695 0.80797
0.91082 0.00186 0.90790 0.91377
0.42960 0.00632 0.42209 0.43699
0.47674 0.00856 0.46565 0.49074
-0.00635 0.00015 -0.00665 -0.00628
0.22975 0.01559 0.20459 0.25150
0.81820 0.02768 0.76531 0.84103
0.70146 0.00833 0.69096 0.71464
0.56225 0.00085 0.56141 0.56369
0.53258 0.12169 0.41355 0.74141
0.99002 0.05335 0.88844 1.03607
0.50165 0.02497 0.45936 0.52588
