# avg	std	min	max
3.71224 0.00756 3.70268 3.72425
3.60341 0.01046 3.58313 3.61323
3.83038 0.02892 3.77937 3.86414
3.32646 0.01401 3.31340 3.35310
3.42645 0.04212 3.38954 3.50660
3.53282 0.10292 3.42018 3.65948
2.33860 0.01684 2.31530 2.35720
2.89533 0.04334 2.81967 2.94099
1.60500 0.00877 1.59403 1.61635
2.34608 0.01091 2.33365 2.36453
3.35605 0.01202 3.34678 3.37894
3.56895 0.15467 3.41611 3.78338
2.56517 0.01291 2.54263 2.57992
0.95451 0.11379 0.89039 1.18175
2.91113 0.08359 2.83267 3.02112
-0.06413 0.01646 -0.08866 -0.04287
2.41950 0.00657 2.40768 2.42791
3.35543 0.03343 3.31866 3.40778
3.64124 0.00919 3.63027 3.65381
3.18646 0.01159 3.16467 3.19639
1.09501 0.02237 1.05774 1.12458
3.30335 0.01990 3.26828 3.32037
2.69083 0.04404 2.61967 2.73645
