# avg	std	min	max
0.39481 0.08027 0.35004 0.55520
-1.22358 0.06285 -1.25839 -1.09801
-1.92351 0.04745 -1.96337 -1.83165
-2.56763 0.09095 -2.65825 -2.39689
-2.34206 0.15712 -2.58829 -2.14203
-1.86213 0.07929 -1.97545 -1.74097
-2.37076 0.49471 -2.83910 -1.40994
-1.42226 1.06423 -3.01212 -0.40301
3.03338 0.02550 3.00189 3.06605
-0.72573 0.08002 -0.82979 -0.65206
-0.64214 0.08656 -0.69005 -0.46921
-1.32747 0.04825 -1.41590 -1.27180
-1.41615 0.84127 -3.06926 -0.81045
0.16907 0.04160 0.11711 0.22804
-0.77311 0.31380 -1.11843 -0.35719
-0.00318 0.00213 -0.00543 -0.00013
-0.44430 0.02839 -0.47985 -0.39932
-1.15889 0.05807 -1.25519 -1.09816
-0.99261 0.13854 -1.17026 -0.78717
0.35730 0.52767 -0.27308 1.30743
0.81756 0.17619 0.49719 1.02508
0.97671 0.46671 0.37938 1.40098
-1.35918 0.52106 -1.95604 -0.40806
