# avg	std	min	max
2.38065 0.04587 2.33780 2.46688
2.36963 0.10710 2.19715 2.53018
1.89719 0.03436 1.86974 1.96395
0.87567 0.01733 0.85381 0.89698
1.69587 0.02898 1.64956 1.73430
1.50771 0.02830 1.46565 1.53895
1.01459 0.03714 0.96409 1.07447
1.05352 0.05435 0.96571 1.13373
0.97532 0.16533 0.85006 1.27796
1.43586 0.03705 1.37854 1.49237
1.36905 0.03158 1.33479 1.42178
1.78790 0.02263 1.76880 1.82444
1.52378 0.31421 1.08102 1.85924
0.02352 0.04486 -0.02986 0.09610
1.23138 0.07786 1.12643 1.34019
-0.04721 0.02660 -0.09314 -0.01708
1.27479 0.02933 1.25052 1.33238
1.57093 0.07432 1.49896 1.71194
1.71224 0.02775 1.67558 1.74106
2.11230 0.07230 1.98600 2.20556
1.62664 0.03453 1.57246 1.67571
1.56176 0.01766 1.54213 1.59207
0.95841 0.25225 0.56202 1.28616
