# avg	std	min	max
1.57430 0.03890 1.52427 1.62903
0.53797 0.06138 0.44448 0.61349
0.73526 0.06343 0.64068 0.83797
-0.29034 0.03489 -0.33256 -0.23023
-0.08204 0.03746 -0.14232 -0.02905
-0.16299 0.05673 -0.22583 -0.07106
0.57687 0.12321 0.40102 0.78530
0.48142 0.19429 0.30358 0.83394
2.70205 0.08777 2.60988 2.86148
0.81494 0.03785 0.76092 0.85854
1.09555 0.03443 1.03711 1.12710
1.23150 0.04055 1.19284 1.30767
0.06958 0.18047 -0.19857 0.25746
0.52704 0.04082 0.46441 0.59081
0.19480 0.06406 0.10806 0.28789
0.50252 0.10581 0.40132 0.70516
-0.01932 0.01153 -0.03424 -0.00709
0.34894 0.04953 0.26235 0.39799
0.34969 0.04748 0.30216 0.44011
0.73216 0.10206 0.59791 0.88416
0.53852 0.01022 0.52343 0.55388
0.51990 0.17998 0.33610 0.85384
-0.36272 0.06517 -0.44052 -0.28224
