# avg	std	min	max
0.60719 0.02880 0.55567 0.63592
-0.17292 0.02846 -0.19471 -0.11663
0.44226 0.27266 0.15321 0.95063
-1.62693 0.09935 -1.72022 -1.45180
-0.08004 0.18611 -0.33602 0.16850
-1.30900 0.16555 -1.54849 -1.03126
-1.21429 0.07523 -1.29068 -1.11303
-0.93761 0.81150 -2.13184 0.37982
0.21796 0.11937 0.00468 0.36435
0.46694 0.94429 -0.12069 2.34943
-0.60138 0.08650 -0.73675 -0.49216
0.08959 0.04264 0.03265 0.16233
-1.38457 0.10574 -1.47381 -1.20813
0.48967 0.21604 0.16556 0.71186
-0.23611 0.13338 -0.37988 -0.01020
0.32523 0.05463 0.26249 0.41549
-0.00000 0.00000 -0.00000 -0.00000
-0.99924 0.13731 -1.13478 -0.73574
-0.45996 0.05583 -0.53814 -0.36765
-0.15389 0.23566 -0.52563 0.08925
1.51067 0.49262 0.52746 1.78098
3.06023 0.32161 2.58737 3.49605
-1.62869 0.38436 -2.36086 -1.25182
