# avg	std	min	max
1.86013 0.07812 1.73208 1.96487
1.52975 0.12190 1.37395 1.67273
1.84286 0.08568 1.71533 1.93881
1.53975 0.11337 1.36730 1.70018
2.01033 0.38916 1.72492 2.77963
1.09795 0.08203 0.96543 1.19575
1.78880 0.08991 1.67282 1.90469
0.77392 0.11757 0.65198 0.96035
1.23707 0.10878 1.15099 1.45049
1.66363 0.03084 1.61684 1.70535
1.79905 0.07276 1.65950 1.84884
2.06688 0.26764 1.79867 2.42212
1.84235 0.05070 1.74852 1.89379
1.90341 0.06775 1.83990 2.00200
1.54299 0.27203 1.28282 2.02622
1.57463 0.04605 1.51479 1.61782
-0.00790 0.00000 -0.00790 -0.00790
1.65339 0.35420 1.29922 2.33538
1.38749 0.53179 0.91268 2.42513
1.90241 0.05223 1.83674 1.98368
1.33995 0.04936 1.28273 1.41818
1.94008 0.24156 1.75384 2.41715
1.12928 0.08003 1.02573 1.22297
