# avg	std	min	max
2.84335 0.02023 2.82221 2.87732
1.70993 0.01021 1.69183 1.72244
1.43735 0.04238 1.38423 1.49147
0.47867 0.06418 0.40193 0.58536
1.26111 0.01575 1.24217 1.28742
1.00623 0.03130 0.95277 1.04703
1.20020 0.09968 1.11762 1.39317
1.27659 0.21442 0.97350 1.58497
3.40135 0.50827 2.95780 4.08141
2.37801 0.31517 1.74861 2.55547
2.07983 0.05313 2.00817 2.14991
2.02147 0.04188 1.93938 2.05070
1.09322 0.04063 1.04807 1.16177
1.76987 0.03238 1.71348 1.80050
0.71756 0.05545 0.63983 0.79056
1.66002 0.35451 0.95341 1.88606
-0.03042 0.10150 -0.19451 0.11840
1.09403 0.05501 1.00891 1.16463
1.24783 0.03529 1.20947 1.30064
1.71089 0.04008 1.65456 1.75575
-0.01966 0.03550 -0.05451 0.04359
0.26261 0.19527 0.04854 0.62286
0.77725 0.08461 0.63613 0.89546
