# avg	std	min	max
1.35020 0.10382 1.29507 1.55780
0.29974 0.00000 0.29974 0.29974
0.10365 0.00120 0.10204 0.10537
-0.74374 0.11744 -0.87894 -0.59993
-1.09241 0.02901 -1.14419 -1.05587
-1.23612 0.09850 -1.33900 -1.07756
-0.79804 0.05660 -0.90491 -0.74351
-1.65722 0.02964 -1.69392 -1.61568
3.19294 0.03295 3.16173 3.25454
0.53027 0.00115 0.52930 0.53247
0.74757 0.00076 0.74677 0.74902
0.96449 0.00059 0.96412 0.96566
-0.62645 0.02902 -0.65954 -0.58480
0.25544 0.05469 0.21030 0.35623
-0.15243 0.00505 -0.15874 -0.14345
0.46011 0.01721 0.42603 0.47191
-0.00283 0.00000 -0.00283 -0.00283
-0.43652 0.01784 -0.47182 -0.42341
-0.43461 0.02515 -0.46659 -0.40220
0.39525 0.01209 0.37977 0.41191
0.23002 0.01993 0.19495 0.24753
-0.06750 0.06189 -0.09951 0.05626
-1.13632 0.04560 -1.19628 -1.09186
