# avg	std	min	max
1.11828 0.01677 1.10009 1.14343
0.28985 0.02030 0.27475 0.32965
0.57191 0.01356 0.55702 0.59480
-0.29766 0.00565 -0.30278 -0.28675
-0.03210 0.04761 -0.10578 0.03897
-0.35712 0.03244 -0.40639 -0.31359
-0.49944 0.01955 -0.52602 -0.47854
-0.28830 0.03665 -0.36024 -0.25814
3.80219 0.02473 3.76745 3.83407
0.53104 0.00329 0.52560 0.53502
1.12909 0.01584 1.09799 1.14164
0.89979 0.01210 0.87999 0.91073
-0.21321 0.02434 -0.25562 -0.18781
0.39316 0.02332 0.35466 0.41960
-0.23829 0.12839 -0.35826 -0.04599
0.31599 0.00916 0.30215 0.32696
-0.00418 0.00252 -0.00831 -0.00111
0.00803 0.00698 -0.00223 0.01771
0.11489 0.00974 0.09785 0.12790
0.28404 0.03504 0.22907 0.33893
0.09053 0.00737 0.07665 0.09634
0.33500 0.02365 0.30292 0.35536
-0.70635 0.12870 -0.87037 -0.56803
