# avg	std	min	max
0.44813 0.05229 0.39390 0.52989
-0.19857 0.04152 -0.25716 -0.13764
-0.06905 0.04300 -0.13947 -0.02611
-0.84105 0.02096 -0.87389 -0.81528
-0.49833 0.02987 -0.52709 -0.45787
-0.33357 0.02271 -0.37410 -0.31315
-0.45020 0.05956 -0.52622 -0.37880
-0.65278 0.07720 -0.79570 -0.56087
2.01195 0.40246 1.21462 2.28389
-0.20734 0.02681 -0.25054 -0.16614
-0.33903 0.02801 -0.37392 -0.28937
0.25270 0.01903 0.22043 0.27484
-0.43149 0.04650 -0.47585 -0.35013
0.20012 0.10484 -0.00948 0.25719
-0.37795 0.00295 -0.38207 -0.37294
0.66861 0.09733 0.52071 0.75407
-0.00000 0.00000 -0.00000 0.00000
-0.40955 0.02880 -0.45540 -0.36755
-0.47000 0.00967 -0.48465 -0.45893
0.17666 0.04303 0.10711 0.23545
0.93869 0.17888 0.63055 1.13505
1.30067 0.29792 0.73734 1.54972
-0.52755 0.07305 -0.64827 -0.43875
