# avg	std	min	max
0.92431 0.00000 0.92431 0.92431
-0.00108 0.00000 -0.00108 -0.00108
0.28498 0.00917 0.28025 0.30331
-0.25724 0.00150 -0.25879 -0.25541
-0.22627 0.03046 -0.28549 -0.19766
-0.31050 0.03352 -0.35357 -0.25454
-0.73545 0.03725 -0.76789 -0.66807
-0.64761 0.02732 -0.68815 -0.60670
2.36969 0.00824 2.35614 2.37943
-0.34384 0.00915 -0.35211 -0.32662
0.86596 0.00005 0.86593 0.86607
0.72909 0.00433 0.72573 0.73746
-0.43339 0.03640 -0.49573 -0.39046
0.57440 0.00463 0.56872 0.57822
-0.26421 0.01512 -0.27720 -0.24071
0.32463 0.00040 0.32401 0.32521
-0.00086 0.00169 -0.00424 -0.00002
-0.08897 0.03916 -0.12301 -0.01232
-0.42542 0.11803 -0.55539 -0.24104
0.42410 0.01348 0.40388 0.44310
0.26951 0.01339 0.25038 0.29057
0.57511 0.46759 0.10294 1.16270
-0.33656 0.06383 -0.45053 -0.27329
