# avg	std	min	max
1.69773 0.10056 1.56615 1.84690
0.46804 0.06486 0.37407 0.57294
1.02766 0.12711 0.81169 1.18499
-0.46058 0.18149 -0.77862 -0.25356
0.43160 0.16571 0.18392 0.63061
-0.15036 0.08406 -0.22653 -0.03507
-1.07102 0.06356 -1.15453 -0.97360
-0.43449 0.07389 -0.51410 -0.33614
5.59142 0.52078 5.03761 6.51464
0.70733 0.13888 0.49850 0.93574
2.25468 0.04921 2.19575 2.31530
0.91431 0.18590 0.76880 1.27432
-0.22872 0.34567 -0.86872 0.12474
0.51920 0.05505 0.48018 0.62789
-1.27068 0.12145 -1.39521 -1.03868
0.44042 0.09731 0.33296 0.61616
-0.03534 0.07069 -0.17672 0.00000
0.31230 0.09128 0.20795 0.47937
0.27801 0.02491 0.24635 0.30627
0.47910 0.06996 0.39117 0.58233
1.04008 0.30734 0.51052 1.33923
3.10506 0.55536 2.59790 4.16483
-0.31692 0.01309 -0.33400 -0.30187
