# avg	std	min	max
0.59019 0.00361 0.58524 0.59337
-0.03688 0.00410 -0.04190 -0.02985
0.21844 0.00310 0.21349 0.22284
-0.54175 0.05850 -0.60137 -0.45299
-0.56354 0.01491 -0.58388 -0.55014
-0.52870 0.03039 -0.57707 -0.48119
-1.07534 0.02341 -1.09926 -1.03373
-1.32564 0.05983 -1.43875 -1.26740
3.55970 0.01489 3.54506 3.58418
0.01749 0.00197 0.01416 0.01976
0.51181 0.00638 0.50335 0.52289
0.72215 0.00183 0.72033 0.72458
-0.81738 0.04293 -0.86378 -0.76308
0.11370 0.00326 0.10866 0.11858
-0.26931 0.00515 -0.27679 -0.26345
0.48409 0.00769 0.47455 0.49442
-0.00538 0.00265 -0.00846 -0.00211
-0.28465 0.04088 -0.34396 -0.23620
-0.35432 0.00814 -0.36318 -0.34397
-0.20842 0.01350 -0.22998 -0.18962
0.98359 0.24791 0.54326 1.22478
0.71080 0.25911 0.20541 0.88890
-1.54209 0.18172 -1.82664 -1.27400
