# avg	std	min	max
1.14180 0.07629 1.04721 1.23910
0.09270 0.01928 0.06790 0.12212
0.40747 0.04916 0.31751 0.45625
-0.33126 0.00197 -0.33431 -0.32863
-0.38235 0.03182 -0.44587 -0.36342
-0.51255 0.02728 -0.55446 -0.48291
-0.27907 0.01069 -0.29855 -0.26850
-0.58476 0.18913 -0.96171 -0.47404
4.26279 0.03493 4.19442 4.28727
1.12429 0.05521 1.06184 1.21503
0.83026 0.06584 0.73485 0.90038
1.15571 0.01324 1.14410 1.17577
-0.24862 0.06245 -0.37230 -0.20079
0.82827 0.12659 0.57512 0.89351
-0.62739 0.02795 -0.66608 -0.58188
0.55492 0.05321 0.44851 0.58243
-0.01094 0.01247 -0.03455 -0.00243
0.05131 0.01695 0.02747 0.07464
0.14517 0.01152 0.12929 0.15868
0.49912 0.02074 0.46682 0.52948
1.11295 0.18107 0.77091 1.28273
1.41402 0.18684 1.06371 1.59747
-0.91380 0.02673 -0.95070 -0.87111
