# avg	std	min	max
1.72355 0.15572 1.51456 1.91138
0.71342 0.15019 0.53020 0.89465
0.54109 0.07157 0.43277 0.60470
-0.70145 0.12820 -0.83261 -0.50754
-0.41122 0.04429 -0.47066 -0.35047
-0.49929 0.28229 -0.82871 -0.12122
-0.09650 0.20456 -0.48762 0.09927
-1.02997 0.24719 -1.44643 -0.66818
4.77698 0.08903 4.69860 4.94530
0.96317 0.08976 0.87608 1.12232
1.43135 0.07154 1.32133 1.54031
1.25947 0.20348 1.01562 1.50467
0.32783 0.07739 0.19569 0.42161
0.47259 0.09953 0.33030 0.59705
0.29289 0.12705 0.09979 0.48931
1.02210 0.14304 0.87063 1.23382
-0.00341 0.00005 -0.00351 -0.00338
0.17375 0.17993 -0.15830 0.38172
0.44973 0.09728 0.28269 0.54102
-0.12407 0.12254 -0.32705 0.00053
1.51334 0.15913 1.21956 1.65361
1.23500 0.39139 0.50206 1.63144
-1.62044 0.14177 -1.84887 -1.45448
