# avg	std	min	max
2.27019 0.00549 2.26028 2.27487
0.54310 0.00964 0.52697 0.55644
0.10414 0.00617 0.09392 0.11168
-0.14461 0.00402 -0.15133 -0.13913
0.05376 0.00600 0.04439 0.06188
-0.10454 0.01077 -0.11722 -0.08957
-0.38751 0.00293 -0.39217 -0.38377
-0.45128 0.00217 -0.45332 -0.44721
1.74763 0.00962 1.73144 1.76045
-0.04595 0.00107 -0.04726 -0.04416
-0.34059 0.00553 -0.35050 -0.33475
-0.01581 0.01336 -0.03412 0.00218
-0.37435 0.00298 -0.37987 -0.37146
-0.62335 0.01680 -0.64199 -0.59200
-0.43544 0.00992 -0.45092 -0.42355
-0.10334 0.00393 -0.11049 -0.09915
-0.00636 0.00788 -0.02200 -0.00124
-0.48369 0.04063 -0.53267 -0.41141
-0.64277 0.02547 -0.66838 -0.60610
0.01141 0.00613 0.00321 0.02154
0.25065 0.00280 0.24758 0.25455
0.05077 0.00523 0.04035 0.05406
-0.86165 0.02975 -0.91049 -0.81814
