# avg	std	min	max
0.86354 0.01706 0.84618 0.89266
0.62066 0.01333 0.59578 0.63426
0.86234 0.01026 0.85003 0.87420
0.66065 0.02078 0.62192 0.68228
0.73842 0.03486 0.69303 0.78061
0.92054 0.02893 0.87226 0.95428
0.42481 0.01995 0.39980 0.45220
0.49519 0.06502 0.36763 0.54072
-0.14615 0.01100 -0.15864 -0.13188
0.28714 0.03189 0.24657 0.31720
0.51897 0.03125 0.48638 0.55664
0.68532 0.01245 0.66774 0.70527
0.59727 0.03549 0.54049 0.63323
0.36353 0.02278 0.33548 0.39626
0.31054 0.01648 0.27848 0.32241
-0.26357 0.02194 -0.29987 -0.24480
-0.00631 0.00823 -0.01301 0.00853
0.55523 0.01986 0.52492 0.57722
0.69438 0.01734 0.67139 0.72519
0.24075 0.02924 0.20909 0.29247
0.07712 0.02388 0.04735 0.10448
0.62372 0.01232 0.60639 0.63967
0.34623 0.07277 0.27455 0.48440
