# avg	std	min	max
0.54447 0.00258 0.54318 0.54962
0.35763 0.00602 0.35389 0.36942
0.69055 0.00703 0.67758 0.69734
0.35625 0.01314 0.34006 0.37923
0.67836 0.01339 0.66580 0.70285
0.22205 0.07032 0.09627 0.28258
0.00758 0.08170 -0.10485 0.09604
0.07561 0.12233 -0.07648 0.27644
-0.29164 0.00491 -0.29931 -0.28562
0.54172 0.00877 0.53432 0.55897
0.53565 0.00896 0.51922 0.54659
0.62841 0.01510 0.61113 0.64748
0.11510 0.05770 0.06229 0.20493
0.45058 0.06183 0.37442 0.55975
0.13203 0.07579 -0.00561 0.20272
0.23438 0.02721 0.21053 0.28678
-0.00903 0.00879 -0.02237 0.00364
0.28969 0.01463 0.27571 0.31676
0.06881 0.02548 0.03930 0.10161
0.14513 0.01315 0.12354 0.16342
0.21682 0.01554 0.18853 0.23574
0.76340 0.00668 0.75573 0.77585
-0.28596 0.13188 -0.45731 -0.09837
