# avg	std	min	max
0.74679 0.00359 0.74337 0.75282
0.01441 0.00286 0.01271 0.02010
0.32751 0.03622 0.28195 0.39093
-0.31397 0.02281 -0.35057 -0.28703
-0.15280 0.06197 -0.24843 -0.09844
-0.46895 0.09162 -0.58346 -0.37432
-0.45035 0.02786 -0.48120 -0.40656
-0.73226 0.00888 -0.74535 -0.71911
3.01090 0.12211 2.87208 3.23814
-0.09667 0.00856 -0.10408 -0.08494
0.55332 0.00061 0.55261 0.55434
0.66647 0.00121 0.66541 0.66873
-0.35899 0.10239 -0.42555 -0.15968
-0.13416 0.01946 -0.14917 -0.09681
-0.54151 0.00986 -0.55458 -0.52839
0.58793 0.00244 0.58495 0.59112
-0.00231 0.00061 -0.00265 -0.00109
-0.36538 0.01446 -0.38273 -0.33981
-0.52579 0.11913 -0.69831 -0.39071
0.23601 0.01020 0.22133 0.25150
0.35271 0.00397 0.34764 0.35751
0.27762 0.07957 0.21627 0.43421
-0.78537 0.02133 -0.80829 -0.75986
