# avg	std	min	max
1.49948 0.14971 1.32105 1.67831
0.81128 0.07749 0.75196 0.94370
0.66459 0.09155 0.50273 0.78523
-0.00272 0.14268 -0.09018 0.28049
0.19276 0.12326 0.02746 0.39489
0.22791 0.12971 0.06740 0.46121
1.00460 0.09579 0.87376 1.13747
0.65683 0.14676 0.37351 0.77378
-0.27000 0.21165 -0.57430 0.04489
1.15731 0.12410 1.05533 1.32199
0.76945 0.12572 0.66168 0.96315
1.01698 0.10528 0.95746 1.22725
0.72953 0.26140 0.44719 1.10345
1.01925 0.13236 0.86285 1.26177
-0.19851 0.13303 -0.35793 -0.00551
1.09739 0.08590 0.99395 1.19359
-0.13375 0.16178 -0.43674 -0.00265
0.05537 0.11199 -0.05040 0.25951
0.19532 0.10459 0.03540 0.32608
1.14283 0.08909 1.08748 1.31876
0.65698 0.09943 0.60118 0.85518
0.62400 0.04151 0.57597 0.68610
0.55410 0.12822 0.36643 0.75648
