# avg	std	min	max
0.85787 0.04709 0.79515 0.93498
0.02714 0.03427 -0.02026 0.08514
0.45846 0.02543 0.42512 0.49657
-0.61866 0.02983 -0.64827 -0.57930
-0.07671 0.01561 -0.09285 -0.04761
-0.51589 0.08867 -0.68604 -0.44389
-0.40000 0.01937 -0.41677 -0.36411
-0.85811 0.04561 -0.91149 -0.78058
4.10992 0.10984 3.97183 4.30488
0.09117 0.03783 0.02817 0.14727
0.18862 0.03049 0.15833 0.24272
0.46068 0.04303 0.40482 0.51363
-0.40544 0.01333 -0.42379 -0.38347
-0.19143 0.02100 -0.20964 -0.15204
-0.26827 0.03940 -0.29802 -0.19102
0.45156 0.03344 0.39663 0.49999
-0.00965 0.00618 -0.01946 -0.00381
-0.35896 0.02616 -0.38411 -0.30914
-0.32231 0.08491 -0.49118 -0.26329
0.09850 0.01038 0.08654 0.11363
0.16098 0.00785 0.15412 0.17536
0.25458 0.01540 0.23090 0.27096
-0.78172 0.01322 -0.80443 -0.76314
