# avg	std	min	max
0.02974 0.00000 0.02974 0.02974
0.22461 0.00000 0.22461 0.22461
-0.78282 0.00129 -0.78416 -0.78056
0.31140 0.01262 0.29662 0.33071
1.02351 0.00095 1.02279 1.02527
-1.73995 0.00789 -1.74799 -1.73035
-1.59773 0.00055 -1.59828 -1.59667
0.28082 0.00036 0.28056 0.28154
1.62851 0.00128 1.62693 1.63027
-2.23950 0.00044 -2.24005 -2.23888
-2.03052 0.00146 -2.03194 -2.02854
0.09342 0.12321 -0.00781 0.24853
-1.58929 0.00292 -1.59508 -1.58741
-1.93544 0.28841 -2.29965 -1.67357
-1.99978 0.10040 -2.10992 -1.86040
-1.52010 0.02419 -1.54901 -1.48541
-0.00619 0.00223 -0.00731 -0.00174
-2.24467 0.07050 -2.34063 -2.12914
-1.99329 0.16177 -2.11351 -1.67383
-1.60757 0.18598 -1.86215 -1.45527
-1.70027 0.01670 -1.72182 -1.67761
-0.66021 0.01987 -0.67171 -0.62061
-1.67707 0.00470 -1.68295 -1.66922
