# avg	std	min	max
-2.00239 0.00184 -2.00386 -1.99958
-1.74854 0.00179 -1.75052 -1.74599
0.81506 0.00548 0.80993 0.82546
-1.60514 0.00881 -1.62238 -1.59730
0.77565 0.01581 0.74928 0.79897
-0.15528 0.01604 -0.18594 -0.14031
-1.95866 0.00388 -1.96405 -1.95322
-0.24377 0.14072 -0.41765 -0.11937
0.77444 0.00143 0.77287 0.77702
-1.75343 0.02202 -1.76598 -1.70946
0.69077 0.00065 0.68983 0.69170
-0.12142 0.01463 -0.14847 -0.10703
-1.86650 0.04728 -1.91636 -1.80394
-1.94367 0.00897 -1.96140 -1.93763
-1.69107 0.00799 -1.70244 -1.67929
-1.67933 0.02518 -1.71739 -1.65046
-0.00210 0.00135 -0.00373 -0.00062
-0.18716 0.00783 -0.19986 -0.17548
-0.36073 0.00797 -0.36802 -0.34522
-1.67833 0.01420 -1.70275 -1.65845
-1.51269 0.00087 -1.51361 -1.51112
0.38720 0.24073 0.14698 0.83576
-1.74675 0.11092 -1.95113 -1.64268
