# avg	std	min	max
0.20081 0.00000 0.20081 0.20081
0.33274 0.00000 0.33274 0.33274
0.39724 0.00014 0.39711 0.39746
0.18439 0.00012 0.18428 0.18454
0.56573 0.00030 0.56530 0.56610
2.14533 0.00105 2.14475 2.14743
0.12882 0.00437 0.12363 0.13540
0.11599 0.00259 0.11457 0.12116
2.40484 0.00187 2.40135 2.40646
0.06668 0.00005 0.06665 0.06678
0.29904 0.00006 0.29897 0.29912
-0.12027 0.00001 -0.12029 -0.12026
0.11963 0.00237 0.11577 0.12315
-0.50271 0.00002 -0.50274 -0.50268
-0.49311 0.00129 -0.49502 -0.49150
0.14288 0.00910 0.13031 0.15243
-0.00038 0.00117 -0.00096 0.00197
-0.66985 0.03458 -0.71078 -0.62938
-0.79788 0.01883 -0.82469 -0.77047
0.06767 0.00406 0.06531 0.07577
0.24661 0.05920 0.19421 0.35566
0.52957 0.04034 0.49058 0.57869
0.04410 0.00854 0.03392 0.05929
