# avg	std	min	max
-1.73053 0.04272 -1.80162 -1.66716
0.34523 0.04650 0.25672 0.39495
-1.03798 0.00520 -1.04683 -1.03115
0.02741 0.03629 -0.02169 0.07572
0.50265 0.03307 0.47289 0.56649
-1.91655 0.04246 -1.97264 -1.86298
-2.13160 0.06185 -2.20121 -2.02369
-0.34045 0.06636 -0.40179 -0.22087
1.95607 0.15086 1.79673 2.14362
-1.78730 0.06546 -1.87970 -1.68959
-1.94059 0.00006 -1.94064 -1.94047
-0.06510 0.00659 -0.07326 -0.05777
-2.13469 0.09660 -2.26602 -2.02274
-1.83592 0.24028 -2.19837 -1.60870
-0.13483 0.19123 -0.38947 0.08649
-1.38996 0.02167 -1.41717 -1.35236
-0.00298 0.00000 -0.00298 -0.00298
-2.44805 0.09985 -2.63923 -2.36805
-2.41579 0.05377 -2.50906 -2.35744
-2.11411 0.05210 -2.17566 -2.03789
-1.39652 0.03303 -1.42953 -1.33891
-0.94530 0.16831 -1.15304 -0.76675
-2.09809 0.04432 -2.18232 -2.05482
