# avg	std	min	max
-1.79874 0.00000 -1.79874 -1.79874
0.09980 0.00097 0.09862 0.10111
1.62429 0.00168 1.62255 1.62646
-0.08551 0.01045 -0.10300 -0.07299
1.49137 0.00540 1.48788 1.50207
-0.10287 0.02090 -0.12963 -0.07448
-0.34178 0.00924 -0.35791 -0.32923
-0.26290 0.03989 -0.31951 -0.22544
4.20720 0.02456 4.17461 4.23662
-1.71806 0.03454 -1.78711 -1.69949
1.20753 0.00179 1.20592 1.21043
-0.06514 0.00100 -0.06640 -0.06347
-0.29889 0.01138 -0.31618 -0.28239
-2.18368 0.10185 -2.27157 -2.05884
-1.88731 0.00984 -1.90269 -1.87621
0.01704 0.00155 0.01537 0.01906
-0.00863 0.00125 -0.01020 -0.00670
-0.27046 0.00638 -0.28116 -0.26443
-0.33790 0.01525 -0.35946 -0.31840
-1.95580 0.03602 -1.98197 -1.88505
-1.45005 0.00410 -1.45468 -1.44390
0.21222 0.01098 0.19434 0.22720
-0.39295 0.00847 -0.40153 -0.37976
