# avg	std	min	max
0.69744 0.00809 0.69015 0.71196
0.63726 0.01210 0.61852 0.65221
1.02455 0.00536 1.01827 1.03124
0.68277 0.01912 0.64684 0.70269
1.08841 0.00835 1.07957 1.10059
0.68691 0.01608 0.65974 0.70402
0.26155 0.02186 0.24205 0.30238
0.19195 0.11348 0.00113 0.31832
-0.45006 0.00187 -0.45297 -0.44799
0.23030 0.00654 0.22198 0.24087
0.53129 0.01224 0.51089 0.54712
0.64254 0.00387 0.63781 0.64778
0.28760 0.02273 0.25286 0.32458
0.27746 0.02086 0.24333 0.30580
0.37864 0.02210 0.34059 0.40944
-0.12455 0.03180 -0.16003 -0.08093
-0.01716 0.01721 -0.04089 0.01038
0.28731 0.06024 0.16724 0.32405
0.22833 0.07592 0.09163 0.28881
0.38204 0.00565 0.37611 0.39003
0.64447 0.01011 0.63055 0.65430
1.11036 0.02316 1.09433 1.15532
0.50123 0.02218 0.46184 0.52121
