# avg	std	min	max
0.06498 0.00270 0.06344 0.07034
1.84770 0.00357 1.84543 1.85477
0.42282 0.00261 0.41893 0.42585
-0.03156 0.00179 -0.03351 -0.02816
2.14495 0.10058 1.98264 2.23550
1.75247 0.00281 1.74727 1.75572
-0.02817 0.00630 -0.03509 -0.01730
1.62286 0.00687 1.61562 1.63409
2.52316 0.03388 2.47712 2.56296
0.11701 0.00153 0.11523 0.11983
0.22534 0.04506 0.20051 0.31539
1.84048 0.00338 1.83826 1.84717
-0.04300 0.00403 -0.04713 -0.03664
-0.02979 0.00117 -0.03047 -0.02746
-0.27231 0.24848 -0.51895 0.02938
0.03973 0.00067 0.03875 0.04040
-0.00193 0.00415 -0.01021 0.00053
-0.03183 0.00609 -0.03957 -0.02376
-0.36881 0.03144 -0.40061 -0.32546
0.06589 0.00856 0.05863 0.08007
0.40490 0.00636 0.39743 0.41613
0.68750 0.02961 0.64465 0.73549
-0.49801 0.05060 -0.58328 -0.45097
