# avg	std	min	max
1.15480 0.00000 1.15480 1.15480
0.25984 0.00000 0.25984 0.25984
0.74309 0.00027 0.74280 0.74348
-0.19448 0.00535 -0.20009 -0.18459
0.20722 0.00042 0.20659 0.20768
-0.36379 0.08154 -0.43762 -0.25107
-0.11631 0.04271 -0.17850 -0.05295
-0.03444 0.00560 -0.04435 -0.02713
2.92996 0.10770 2.78288 3.04370
0.18533 0.00079 0.18428 0.18618
0.75171 0.00158 0.75021 0.75370
1.00224 0.00051 1.00190 1.00321
-0.20015 0.06143 -0.27502 -0.12643
0.24261 0.01389 0.23119 0.26997
0.16616 0.00230 0.16406 0.16918
0.51835 0.00319 0.51625 0.52468
-0.00196 0.00000 -0.00196 -0.00196
-0.26400 0.00968 -0.28149 -0.25207
-0.30589 0.02616 -0.34135 -0.27440
0.57238 0.00759 0.56470 0.58393
0.41442 0.00518 0.40894 0.42404
0.63453 0.00188 0.63295 0.63821
-0.62975 0.06497 -0.72493 -0.52191
