# avg	std	min	max
0.91436 0.03695 0.84989 0.96517
0.12793 0.04279 0.08474 0.20112
0.23228 0.07060 0.14532 0.32631
-1.08471 0.03236 -1.14280 -1.05195
-0.78293 0.05311 -0.84826 -0.69273
-1.31505 0.10479 -1.45984 -1.18661
-1.08727 0.06503 -1.19795 -1.01355
-1.92169 0.06108 -2.01387 -1.85452
4.25886 0.21237 3.84166 4.41573
0.58624 0.04839 0.51689 0.64448
1.07477 0.03140 1.02273 1.11213
0.70493 0.02640 0.67007 0.72920
-1.01170 0.08640 -1.11910 -0.91099
0.35107 0.23099 0.16436 0.79809
0.18820 0.01385 0.16867 0.20846
0.52478 0.05150 0.46281 0.58842
-0.03977 0.00774 -0.04943 -0.03073
-0.56806 0.05876 -0.63345 -0.49552
-0.37345 0.04816 -0.41881 -0.29599
-0.02525 0.05897 -0.07817 0.06764
-0.02004 0.16532 -0.24906 0.17033
0.82539 0.06505 0.74644 0.88952
-1.25041 0.05723 -1.31459 -1.15343
