# avg	std	min	max
0.25109 0.00098 0.25038 0.25301
0.29616 0.00099 0.29528 0.29791
0.00513 0.00047 0.00477 0.00605
-0.10361 0.03224 -0.13134 -0.04245
-0.09606 0.01097 -0.11787 -0.08834
0.31145 0.03538 0.24785 0.34270
-0.01592 0.00255 -0.01955 -0.01294
0.15632 0.01057 0.14294 0.16694
3.26240 0.01389 3.23640 3.27677
0.10586 0.00571 0.10158 0.11694
0.29912 0.10762 0.16656 0.38820
0.27826 0.00041 0.27804 0.27908
0.00833 0.00321 0.00451 0.01336
-0.10602 0.09089 -0.22782 -0.01988
-0.23400 0.02073 -0.25290 -0.20794
-0.09207 0.00184 -0.09321 -0.08841
0.00018 0.00112 -0.00086 0.00236
-0.26848 0.09075 -0.37468 -0.10443
-0.43684 0.02702 -0.46677 -0.39638
0.14901 0.10072 0.02045 0.23489
0.02463 0.00235 0.02134 0.02798
0.04732 0.22452 -0.18331 0.40973
-0.41551 0.04903 -0.48018 -0.34185
