# avg	std	min	max
0.78718 0.04441 0.73755 0.86841
-0.36138 0.04658 -0.41477 -0.29938
-0.12422 0.05823 -0.19489 -0.04710
-1.49484 0.07839 -1.59991 -1.41377
-0.87578 0.07392 -0.95334 -0.74867
-1.89084 0.12798 -2.05687 -1.72191
-1.59946 0.06552 -1.66435 -1.47453
-1.43711 0.07513 -1.53497 -1.33205
2.45258 0.08116 2.34789 2.59294
-0.39081 0.05611 -0.46197 -0.32152
-0.10006 0.03432 -0.16081 -0.06687
-0.19357 0.45928 -0.60871 0.42291
-0.66128 0.05826 -0.73157 -0.57506
-0.33430 0.05330 -0.38822 -0.25228
-0.66646 0.01775 -0.69197 -0.64160
0.51340 0.00980 0.50179 0.52812
-0.00841 0.00637 -0.01932 -0.00035
-0.89003 0.07225 -0.98019 -0.82569
-0.98343 0.24082 -1.37876 -0.64287
-0.31156 0.09100 -0.45483 -0.17579
0.29365 0.01373 0.27729 0.31729
0.17511 0.01566 0.15807 0.20375
-1.72713 0.05393 -1.78702 -1.65273
