# avg	std	min	max
0.91557 0.00313 0.91177 0.92088
-0.10003 0.00128 -0.10146 -0.09798
0.16119 0.00378 0.15594 0.16690
-0.91638 0.01211 -0.92635 -0.89351
-0.65054 0.00512 -0.65784 -0.64370
-0.73515 0.02674 -0.75489 -0.68242
-0.82545 0.00920 -0.83401 -0.80777
-1.30661 0.04406 -1.35342 -1.23261
2.88924 0.04070 2.85872 2.96850
0.62645 0.00340 0.62282 0.63241
0.76050 0.00351 0.75602 0.76491
0.47600 0.00107 0.47436 0.47743
-0.79929 0.00388 -0.80376 -0.79336
-0.19515 0.01326 -0.20537 -0.17047
-0.36579 0.00242 -0.36942 -0.36225
0.53424 0.00503 0.52957 0.54319
-0.00554 0.00519 -0.01187 -0.00030
-0.85149 0.05098 -0.93533 -0.80071
-0.96403 0.11294 -1.17608 -0.87654
-0.18106 0.00703 -0.19270 -0.17082
0.34862 0.01206 0.32861 0.36387
0.53175 0.10276 0.46718 0.73594
-0.58783 0.04071 -0.63724 -0.53789
