# avg	std	min	max
2.50240 0.05881 2.40744 2.57513
1.53047 0.07254 1.45025 1.65844
2.36606 0.50348 1.93748 3.29766
-0.43089 0.06743 -0.53004 -0.33682
1.43808 0.44275 0.94918 2.10325
0.28955 0.07458 0.19925 0.36610
0.35820 0.21813 -0.01306 0.59611
-1.14304 0.13346 -1.36964 -0.97941
3.01561 0.13031 2.89853 3.26545
1.09660 0.09438 0.94911 1.21957
2.03628 0.07294 1.94956 2.16183
1.04868 0.07409 0.97161 1.17411
0.30503 0.31498 0.03239 0.85551
1.66916 0.03644 1.62254 1.72042
-0.29871 0.39667 -0.55735 0.48579
2.38040 0.17169 2.20514 2.67455
-0.01339 0.00000 -0.01339 -0.01339
0.34161 0.05735 0.27894 0.44467
0.56285 0.14188 0.37120 0.76480
1.02853 0.14276 0.89757 1.30415
2.29202 0.21595 2.02637 2.46874
4.17726 0.03345 4.12006 4.22453
0.72546 0.33670 0.19900 1.05982
