# avg	std	min	max
-0.35950 0.00893 -0.37314 -0.34733
-0.03928 0.00001 -0.03929 -0.03927
0.16534 0.00033 0.16500 0.16598
-0.26732 0.02100 -0.28382 -0.22603
-0.10948 0.00037 -0.10992 -0.10898
-0.73764 0.02686 -0.77104 -0.69068
-1.25763 0.01782 -1.27585 -1.22871
-0.91052 0.00209 -0.91375 -0.90797
0.85437 0.11612 0.75113 1.05475
-0.56012 0.00072 -0.56149 -0.55939
-0.55819 0.00032 -0.55852 -0.55770
-0.20927 0.00060 -0.20983 -0.20835
-0.93172 0.08543 -1.04887 -0.86200
-0.44742 0.01688 -0.46198 -0.42588
-0.68165 0.00798 -0.68729 -0.66581
0.37760 0.00405 0.37045 0.38188
-0.00118 0.00000 -0.00118 -0.00118
-0.55235 0.03580 -0.60860 -0.49866
-1.19624 0.01326 -1.22124 -1.18143
-0.38009 0.02776 -0.41596 -0.34364
0.16861 0.00356 0.16508 0.17478
0.38425 0.00234 0.38165 0.38816
-1.40780 0.01832 -1.42976 -1.37583
