# avg	std	min	max
0.57654 0.00000 0.57654 0.57654
-0.36285 0.00016 -0.36292 -0.36253
-0.03355 0.00917 -0.04475 -0.02163
-0.54754 0.01595 -0.55730 -0.51577
-0.66535 0.03472 -0.71939 -0.62877
-0.60980 0.03842 -0.68134 -0.56911
-0.99091 0.05507 -1.06055 -0.89316
-0.79192 0.13942 -1.07074 -0.71985
2.83154 0.01731 2.80221 2.84968
-0.29673 0.00088 -0.29750 -0.29542
0.25642 0.00078 0.25596 0.25798
0.47637 0.00008 0.47628 0.47649
-0.93855 0.03175 -0.98857 -0.89648
-0.22536 0.09964 -0.28047 -0.02624
-0.20588 0.09636 -0.38820 -0.12960
0.55401 0.01586 0.52943 0.57397
-0.00052 0.00000 -0.00052 -0.00052
-0.66900 0.06988 -0.78150 -0.59844
-1.14962 0.04742 -1.23045 -1.08815
-0.54102 0.05728 -0.60884 -0.43468
0.39711 0.03312 0.36872 0.45950
0.40323 0.02994 0.35759 0.44532
-1.03931 0.18453 -1.17018 -0.69065
