# avg	std	min	max
5.03725 0.01303 5.02211 5.06156
3.01951 0.02472 2.99974 3.06685
3.79074 0.04768 3.72025 3.84553
0.03775 0.00983 0.02900 0.05561
3.44889 0.33075 3.16262 4.07597
0.71312 0.04224 0.67375 0.79407
-0.00392 0.01864 -0.02018 0.03099
-0.76341 0.02180 -0.79378 -0.73827
8.27659 0.08398 8.14991 8.36346
3.42797 0.01438 3.40871 3.45103
3.69405 0.15566 3.48245 3.89884
3.31200 0.00818 3.30043 3.32254
0.10362 0.00995 0.09019 0.12055
3.33565 0.34245 3.12510 4.01707
2.87868 0.17435 2.68757 3.12380
5.05044 0.45449 4.44865 5.56732
4.50267 0.45350 3.66677 4.90203
2.50333 0.06982 2.38453 2.59736
2.48209 0.25356 2.03234 2.68161
1.90988 0.01553 1.88807 1.93056
7.89081 0.45907 7.00111 8.20311
9.99909 0.27438 9.57388 10.41320
8.79259 1.75266 6.37050 10.98680
