# avg	std	min	max
4.69539 0.12101 4.55979 4.91256
2.61127 0.05810 2.50406 2.66786
2.99512 0.01880 2.97202 3.02170
0.97140 0.18057 0.79939 1.29298
2.24268 0.04949 2.15554 2.30519
0.58543 0.15102 0.31853 0.78340
-0.05241 0.02558 -0.09147 -0.01225
0.05417 0.47832 -0.88504 0.44739
7.93664 0.07968 7.82299 8.02923
3.05854 0.16199 2.89735 3.35243
2.72889 0.32695 2.29741 3.06054
2.91660 0.10256 2.77086 3.03600
0.49349 0.04429 0.44648 0.56449
2.36458 0.08804 2.23798 2.49260
1.89326 0.05197 1.79342 1.93969
3.89707 0.03674 3.83302 3.93395
3.14958 0.01121 3.13494 3.16722
1.42713 0.07208 1.35900 1.55699
1.40389 0.11270 1.24487 1.50754
1.34170 0.05394 1.27363 1.41674
7.02154 0.66195 6.29958 7.88003
8.54601 0.61278 7.97275 9.65193
0.86669 0.27208 0.50708 1.34408
