# avg	std	min	max
2.80722 0.07780 2.68686 2.89233
1.39945 0.01916 1.37611 1.42916
2.63130 0.04581 2.55203 2.67885
-0.03669 0.06908 -0.08690 0.09646
3.26226 0.04258 3.21523 3.32992
0.21341 0.03935 0.17322 0.27433
0.00527 0.00814 -0.00663 0.01777
-0.26222 0.23619 -0.73104 -0.10558
0.58251 0.08516 0.48980 0.74271
1.30924 0.03966 1.25644 1.35524
1.08551 0.02079 1.06841 1.12576
1.84655 0.01860 1.82327 1.87419
0.46439 0.00538 0.45650 0.47301
1.71025 0.31874 1.43546 2.31388
1.20479 0.16338 1.02846 1.44516
3.18114 0.04542 3.12488 3.26260
1.68293 0.09505 1.59491 1.86269
1.04986 0.01342 1.03661 1.07485
1.25430 0.19463 1.06476 1.51661
1.92372 0.27415 1.38639 2.12203
5.29015 0.34398 4.82123 5.73704
9.02874 0.11178 8.91071 9.17594
-0.74802 0.03957 -0.81111 -0.69388
