# avg	std	min	max
0.19068 0.01947 0.15761 0.21833
-0.20432 0.01585 -0.22600 -0.18351
0.19611 0.00942 0.17882 0.20542
-0.09676 0.01159 -0.11155 -0.08143
0.13125 0.00359 0.12713 0.13739
0.12612 0.05599 0.01943 0.17098
-0.00000 0.00000 -0.00000 -0.00000
-0.19476 0.11471 -0.29773 -0.04573
-0.37766 0.54058 -0.71921 0.69633
-0.12680 0.01743 -0.15161 -0.09754
-0.22791 0.00449 -0.23196 -0.22012
0.55577 0.01144 0.54247 0.57697
-0.02145 0.01342 -0.03348 0.00181
0.12947 0.07241 0.03932 0.21740
-0.60609 0.03801 -0.64626 -0.54990
0.23256 0.04961 0.20273 0.33135
-0.08382 0.01246 -0.09949 -0.06537
-0.33343 0.07836 -0.43812 -0.21889
-0.50353 0.10238 -0.65477 -0.34299
0.29590 0.04766 0.23568 0.35740
0.50489 0.01478 0.48319 0.52751
0.30886 0.00857 0.29667 0.32259
-0.47066 0.22500 -0.69119 -0.11163
