# avg	std	min	max
3.65144 0.32529 3.43661 4.29707
2.13305 0.04952 2.07370 2.19571
1.35255 0.06013 1.26949 1.45546
0.03670 0.03674 -0.02492 0.08570
0.05586 0.03325 0.00376 0.10231
0.27083 0.07679 0.18659 0.36366
-0.00902 0.04238 -0.07258 0.06003
0.30194 0.00387 0.29789 0.30885
4.42295 0.11260 4.31483 4.62701
3.04839 0.21297 2.84965 3.45027
2.71301 0.07028 2.62774 2.83002
2.67809 0.05664 2.58200 2.73288
0.38468 0.06196 0.31113 0.48038
2.06457 0.21772 1.87482 2.47244
1.62491 0.04623 1.54383 1.67331
3.03944 0.06417 2.95592 3.11293
2.53399 0.05546 2.46907 2.63696
1.55671 0.19620 1.27540 1.79224
1.46662 0.02362 1.43581 1.50391
1.45086 0.04043 1.40151 1.50535
3.78747 0.06910 3.73293 3.91968
3.66134 0.09330 3.52403 3.79645
0.51528 0.08281 0.44647 0.67197
