# avg	std	min	max
4.86235 0.11585 4.66435 4.98866
2.85351 0.11606 2.66800 2.97994
6.33175 0.24603 6.05911 6.68820
0.02264 0.07542 -0.08712 0.14188
7.48699 0.14791 7.27325 7.66108
0.81920 0.03549 0.78248 0.86256
-0.00463 0.01156 -0.01917 0.01407
4.44513 1.56991 2.88301 6.72707
7.53449 0.34558 6.97676 7.95221
3.93502 0.08615 3.79393 4.06550
4.29147 0.10152 4.14850 4.46223
3.15020 0.11559 2.93018 3.25048
0.08583 0.00681 0.07277 0.09273
2.95705 0.08003 2.83608 3.05451
3.96833 0.17099 3.79824 4.21498
4.94968 0.43362 4.17549 5.34385
4.67735 1.20055 2.52583 6.18509
2.64564 0.19915 2.32321 2.83760
3.12337 0.38463 2.36825 3.44913
3.11170 0.01683 3.08985 3.14111
8.47108 0.45636 7.69916 8.95146
12.39476 1.07843 10.47250 13.70400
1.05753 0.63857 0.43812 2.03967
