# avg	std	min	max
3.27167 0.00732 3.26463 3.28485
1.98420 0.01013 1.96944 1.99809
1.12888 0.01031 1.11443 1.14192
0.26741 0.01656 0.25192 0.29827
0.60004 0.04075 0.52752 0.63864
0.11077 0.02353 0.09520 0.15698
0.00071 0.00533 -0.00832 0.00743
-1.20429 0.01089 -1.22437 -1.19138
3.02952 0.04650 2.98389 3.11885
3.00368 0.06992 2.86959 3.06096
2.19196 0.00673 2.18529 2.20222
2.56743 0.01463 2.54817 2.59088
-0.12247 0.02103 -0.14692 -0.09464
2.17243 0.00923 2.16271 2.18871
1.25858 0.02522 1.22904 1.29839
2.62855 0.02512 2.60429 2.67080
1.78279 0.01436 1.75779 1.80230
1.33141 0.01657 1.30497 1.35636
1.38492 0.04021 1.32806 1.42185
1.46761 0.01119 1.45179 1.48672
3.07904 0.07535 2.97050 3.20046
3.40399 0.04160 3.34956 3.44809
-0.52129 0.10177 -0.67787 -0.39913
