# avg	std	min	max
4.11213 0.04693 4.06337 4.19779
2.64300 0.06560 2.58205 2.76299
2.34264 0.04223 2.27354 2.40014
0.47945 0.03157 0.44145 0.52548
1.03765 0.06371 0.95992 1.15061
0.66425 0.01199 0.65473 0.68732
-0.01004 0.03490 -0.05912 0.04041
0.27610 0.58273 -0.44285 0.86756
4.93893 0.08401 4.82831 5.07915
3.02686 0.04653 2.96166 3.09732
2.92995 0.03993 2.87063 2.96900
2.97264 0.03588 2.93335 3.03964
0.50738 0.02656 0.46428 0.54742
3.21292 0.04684 3.12656 3.26929
1.95850 0.06552 1.86846 2.07178
4.12017 0.03179 4.07481 4.15837
2.38633 0.09206 2.22894 2.50816
1.78841 0.08154 1.71679 1.91635
1.27974 0.41714 0.70612 1.90252
2.18521 0.09810 2.06685 2.30880
4.07782 0.15063 3.90867 4.35452
4.21242 0.11397 4.07699 4.41047
0.47342 0.45814 -0.06005 1.06971
