# avg	std	min	max
0.00000 0.00000 0.00000 0.00000
-1.99520 0.00000 -1.99520 -1.99520
-0.53751 0.64229 -1.17200 0.48877
-2.96225 0.33747 -3.59561 -2.65755
-1.83923 0.42337 -2.29131 -1.17571
-3.07833 0.65525 -3.67015 -1.92532
3.80867 1.30858 2.45140 5.97987
12.07318 7.04705 6.23981 22.35930
2.99810 1.78213 1.59233 6.40937
-0.91998 0.00031 -0.92027 -0.91946
-0.15500 0.29983 -0.40715 0.39236
-0.69395 0.32879 -1.16669 -0.36893
10.88225 6.86238 6.09542 24.53190
0.77281 1.48416 -0.12018 3.73480
-1.12786 0.83707 -1.95600 0.34444
2.98784 1.73619 1.54969 5.15752
0.45951 0.25621 0.02365 0.74284
-0.84659 1.32284 -2.49390 0.41890
-0.81975 1.37041 -2.89715 1.09141
10.17222 7.45699 2.13359 21.24810
5.60562 0.46648 4.99283 6.31766
6.02575 1.61545 3.68907 8.56105
33.81460 6.45514 29.74520 46.47910
