# avg	std	min	max
0.00000 0.00000 0.00000 0.00000
0.07534 0.00000 0.07534 0.07534
-0.22605 0.00716 -0.23467 -0.21792
-0.29970 0.07321 -0.37481 -0.17399
-0.05653 0.00764 -0.06679 -0.04498
0.23990 0.01491 0.22735 0.26808
-0.05567 0.00313 -0.05882 -0.04979
0.14263 0.00829 0.13573 0.15338
1.65235 0.00525 1.64606 1.65947
-0.31457 0.00359 -0.32175 -0.31273
-0.60658 0.00019 -0.60680 -0.60632
-0.24500 0.00305 -0.25106 -0.24323
-0.04011 0.01152 -0.05037 -0.01778
-0.67493 0.00172 -0.67718 -0.67195
-0.31726 0.01112 -0.33626 -0.30606
-0.04413 0.00543 -0.05499 -0.04137
0.01308 0.01190 -0.00387 0.02920
-1.14746 0.03857 -1.18103 -1.07406
-0.82854 0.09004 -0.92270 -0.68040
-0.69135 0.02392 -0.72122 -0.66661
-0.13588 0.00201 -0.13954 -0.13403
-0.03479 0.08578 -0.19051 0.04497
-0.19923 0.09987 -0.39750 -0.12870
