# avg	std	min	max
0.00000 0.00000 -0.00000 0.00000
-0.76265 0.00000 -0.76265 -0.76265
-0.05168 0.03305 -0.08967 0.00470
-0.95909 0.06627 -1.01378 -0.83019
-0.23484 0.03540 -0.27880 -0.17847
-0.88066 0.06801 -0.98864 -0.79720
-0.20800 0.19308 -0.59406 -0.10499
-0.24857 0.18911 -0.60851 -0.09702
2.91289 0.57184 2.50791 4.04260
-0.97878 0.00697 -0.98692 -0.96970
0.06750 0.02913 0.03305 0.10637
-0.44823 0.00547 -0.45770 -0.44198
-0.50396 0.08226 -0.61101 -0.36155
-0.19463 0.01787 -0.22042 -0.16867
-0.68085 0.01168 -0.68995 -0.65840
-0.34561 0.00637 -0.35550 -0.33585
-0.69796 0.07721 -0.76328 -0.56584
-1.22582 0.08809 -1.33641 -1.07746
-1.02157 0.08258 -1.16617 -0.95224
0.00681 0.00481 0.00245 0.01287
-0.57662 0.02283 -0.60584 -0.55065
0.54465 0.13582 0.40173 0.80158
-0.29574 0.19246 -0.67374 -0.17405
