# avg	std	min	max
0.00000 0.00000 0.00000 0.00000
0.23774 0.01291 0.21766 0.25587
0.59973 0.00999 0.58711 0.61561
0.26216 0.00625 0.25278 0.27218
0.66396 0.00351 0.65965 0.67026
0.27011 0.01419 0.24336 0.28106
0.24827 0.01107 0.23316 0.26577
0.40039 0.01578 0.37870 0.42765
-0.64160 0.00053 -0.64243 -0.64076
0.10459 0.00516 0.09625 0.11143
0.50227 0.01470 0.48329 0.52810
0.43165 0.01957 0.40895 0.46519
0.24677 0.01506 0.22914 0.27414
0.22916 0.00668 0.22201 0.23982
-0.02836 0.01354 -0.04912 -0.01009
0.25658 0.00290 0.25305 0.26150
-0.28033 0.02594 -0.30892 -0.23403
0.01385 0.05683 -0.06795 0.10350
-0.11244 0.02463 -0.15638 -0.08917
0.36002 0.00249 0.35681 0.36268
0.03382 0.00408 0.02882 0.03951
0.51204 0.00746 0.50179 0.52192
-0.11293 0.12354 -0.35683 -0.02776
