# avg	std	min	max
0.00000 0.00000 0.00000 0.00000
0.29521 0.00000 0.29521 0.29521
1.37615 0.19387 1.20404 1.75046
-0.29895 0.03117 -0.32808 -0.25798
1.12822 0.08793 1.03378 1.26494
0.56598 0.08562 0.41832 0.68298
0.36646 0.41388 -0.30503 0.69062
0.28134 0.03879 0.23893 0.33399
5.99932 0.17837 5.86748 6.34386
0.39351 0.00003 0.39345 0.39353
1.37207 0.01982 1.35418 1.41041
0.23798 0.04223 0.15550 0.27405
-0.26496 0.04444 -0.34098 -0.21342
-0.34264 0.04670 -0.41647 -0.27559
0.16930 0.01910 0.14938 0.19355
0.55948 0.00378 0.55673 0.56698
0.49905 0.03104 0.45358 0.54014
-0.00793 0.06071 -0.10554 0.08607
0.04318 0.03326 -0.00677 0.09696
0.62177 0.16092 0.38872 0.76862
0.63158 0.08551 0.46357 0.70039
1.94094 0.07544 1.84015 2.03561
0.35819 0.15631 0.15657 0.52887
