# avg	std	min	max
0.00000 0.00000 0.00000 0.00000
0.22389 0.00000 0.22389 0.22389
0.61390 0.00605 0.60711 0.62128
0.47259 0.12010 0.23269 0.54080
0.62648 0.00018 0.62622 0.62678
0.39223 0.01496 0.36601 0.41270
0.19551 0.02879 0.13874 0.21583
0.31147 0.00644 0.30258 0.32269
-0.15105 0.00071 -0.15167 -0.14995
0.12423 0.00057 0.12365 0.12494
0.53937 0.00033 0.53892 0.53991
0.46376 0.01438 0.45611 0.49252
0.15242 0.00483 0.14811 0.16142
0.25370 0.10228 0.12103 0.34244
0.04137 0.03352 0.01735 0.10512
0.34749 0.06011 0.31030 0.46721
-0.17653 0.00084 -0.17818 -0.17594
-0.10902 0.01426 -0.12921 -0.09211
-0.23818 0.11067 -0.45257 -0.16322
0.29698 0.09023 0.11653 0.34332
0.38694 0.00178 0.38412 0.38975
0.85744 0.01290 0.84192 0.87557
0.27352 0.01642 0.25649 0.30064
