# avg	std	min	max
0.00000 0.00000 0.00000 0.00000
1.51094 0.00000 1.51094 1.51094
2.66227 0.00024 2.66195 2.66249
1.83480 0.00870 1.82641 1.84532
2.62976 0.00234 2.62512 2.63145
1.69901 0.00458 1.69440 1.70749
1.76878 0.00282 1.76482 1.77239
1.69888 0.01533 1.67609 1.72401
5.51819 0.05906 5.44538 5.58965
1.64918 0.00494 1.64585 1.65898
2.61309 0.00024 2.61291 2.61355
1.58055 0.00180 1.57773 1.58274
1.77450 0.00259 1.77248 1.77948
1.70778 0.00132 1.70607 1.71013
1.57705 0.17996 1.34469 1.73548
1.79067 0.00024 1.79037 1.79096
1.84864 0.00423 1.84235 1.85469
1.63198 0.00887 1.62251 1.64712
1.45457 0.01002 1.44332 1.47336
1.84824 0.02125 1.81610 1.87937
2.06252 0.00697 2.05257 2.07410
2.92976 0.04795 2.88103 3.00813
1.87976 0.00953 1.86417 1.89012
