# avg	std	min	max
0.00000 0.00000 0.00000 0.00000
0.82183 0.00000 0.82183 0.82183
0.47752 0.01063 0.46430 0.49401
0.20945 0.10363 0.06742 0.32602
0.20990 0.00623 0.20103 0.21759
0.12736 0.01540 0.11420 0.15551
0.25321 0.09088 0.09832 0.33472
0.37024 0.00187 0.36826 0.37375
1.07451 0.03448 1.03533 1.13637
0.58588 0.00043 0.58547 0.58666
0.49947 0.00648 0.49304 0.50932
0.54718 0.00585 0.54113 0.55643
0.32726 0.08145 0.22786 0.42104
0.42394 0.01061 0.40365 0.43256
0.11977 0.01210 0.10803 0.14278
0.75353 0.00504 0.74603 0.76181
0.70269 0.00660 0.69619 0.71115
-1.53761 0.09856 -1.63035 -1.35073
-0.24043 0.11123 -0.42469 -0.07777
0.37689 0.12564 0.28019 0.60640
0.74621 0.04793 0.69456 0.83535
1.05667 0.01772 1.04061 1.08914
0.31970 0.05975 0.22020 0.38059
