# avg	std	min	max
0.00000 0.00000 0.00000 0.00000
0.14692 0.00000 0.14692 0.14692
0.25257 0.00035 0.25205 0.25307
0.09288 0.00726 0.08444 0.10261
-0.03592 0.00037 -0.03635 -0.03545
0.12119 0.01356 0.09683 0.13871
-0.58658 0.10251 -0.71685 -0.41434
1.63125 0.04047 1.59194 1.68266
3.37973 0.08320 3.33250 3.54600
0.00842 0.01119 -0.00969 0.02161
0.40120 0.00007 0.40114 0.40131
0.23356 0.01310 0.21602 0.24444
-0.19087 0.02080 -0.21571 -0.16215
-0.39469 0.13509 -0.57373 -0.26851
-0.33140 0.05075 -0.40697 -0.28908
-0.00881 0.05783 -0.12100 0.04540
0.05627 0.02475 0.01142 0.08742
-0.40185 0.06197 -0.50584 -0.32493
-0.93095 0.07304 -1.04089 -0.81714
-0.01348 0.12732 -0.26776 0.06331
0.25871 0.06298 0.17863 0.36494
0.90750 0.27404 0.43252 1.24437
-0.21525 0.27841 -0.64053 0.01759
