# avg	std	min	max
0.00000 0.00000 0.00000 0.00000
0.26898 0.00040 0.26853 0.26951
0.71591 0.00164 0.71343 0.71822
0.39833 0.00456 0.39204 0.40390
0.58527 0.01841 0.55089 0.60530
0.20716 0.02273 0.17874 0.23495
0.20956 0.00624 0.20235 0.21895
-0.17804 0.00884 -0.19032 -0.16524
1.61537 0.28253 1.37315 2.14380
0.37425 0.00003 0.37422 0.37430
0.39482 0.08251 0.28545 0.48387
0.80890 0.02400 0.76765 0.83253
0.16211 0.00825 0.14877 0.17096
0.00647 0.03328 -0.05715 0.03243
-0.09384 0.06608 -0.21429 -0.03992
1.07223 0.00688 1.06278 1.07954
0.75349 0.00656 0.74178 0.76191
0.03185 0.04120 -0.02042 0.07214
-0.53141 0.22065 -0.89600 -0.26892
0.35241 0.04570 0.28460 0.40332
1.28967 0.01020 1.27398 1.30336
1.28132 0.01614 1.25600 1.30329
-0.15881 0.02030 -0.18207 -0.12601
