# avg	std	min	max
0.00000 0.00000 0.00000 0.00000
-0.01553 0.00000 -0.01553 -0.01553
0.06683 0.04780 -0.00178 0.14208
-0.67997 0.01147 -0.69387 -0.66560
-0.05270 0.00769 -0.06223 -0.04016
-0.42719 0.07679 -0.49220 -0.32414
-0.46039 0.16697 -0.69164 -0.22951
-0.15292 0.06465 -0.22030 -0.07568
0.73126 0.03251 0.71160 0.79539
-0.22738 0.00112 -0.22912 -0.22625
0.12849 0.00071 0.12708 0.12886
-0.35114 0.00007 -0.35122 -0.35104
-0.39788 0.11861 -0.62584 -0.29292
-0.26931 0.00049 -0.26994 -0.26872
-0.96995 0.01286 -0.98008 -0.94646
0.10091 0.00710 0.08956 0.10717
0.01857 0.00553 0.00955 0.02392
-0.74625 0.07352 -0.83269 -0.65384
-1.04690 0.05073 -1.09681 -0.95637
-0.24277 0.00292 -0.24584 -0.23770
0.23881 0.01307 0.22564 0.26104
0.39623 0.06835 0.26653 0.46401
0.07056 0.09984 -0.08722 0.15322
