# avg	std	min	max
1.60784 0.01577 1.57744 1.62028
1.40483 0.08330 1.26372 1.48585
0.11067 0.03130 0.08356 0.16726
-0.75207 0.06327 -0.78646 -0.62562
-1.15873 0.00473 -1.16278 -1.14988
0.33631 0.26931 -0.17823 0.59429
-1.57328 0.00463 -1.57792 -1.56479
-0.84273 0.00296 -0.84791 -0.83868
2.45166 0.23559 2.07090 2.71952
1.54070 0.04220 1.46322 1.58175
0.30868 0.00236 0.30616 0.31199
2.56678 0.01599 2.55523 2.59844
-0.91026 0.02394 -0.95248 -0.88767
1.13822 0.00437 1.13397 1.14424
0.52907 0.11974 0.37696 0.63433
1.53109 0.03731 1.49762 1.58608
0.99235 0.01328 0.98016 1.01654
-0.11873 0.03402 -0.16190 -0.08179
0.22809 0.04222 0.15996 0.28306
-0.04440 0.01250 -0.05965 -0.03138
2.00704 0.04444 1.95297 2.06081
2.96918 0.11547 2.74280 3.06722
-1.95490 0.05564 -2.03268 -1.88282
