# avg	std	min	max
0.52537 0.01650 0.50944 0.55166
0.06875 0.00834 0.05786 0.08353
0.91910 0.00012 0.91894 0.91928
-0.02883 0.09298 -0.19701 0.08094
0.39492 0.08055 0.33828 0.55092
-0.15332 0.27790 -0.51309 0.08098
-0.02831 0.07993 -0.17548 0.06083
-0.12669 0.20412 -0.42943 0.08007
1.98897 0.04103 1.92364 2.04044
-0.31805 0.01037 -0.32967 -0.29882
0.50057 0.00280 0.49623 0.50331
-0.32667 0.00928 -0.33393 -0.30986
0.10845 0.01767 0.09495 0.14312
0.05791 0.00044 0.05755 0.05874
-0.31335 0.00779 -0.32216 -0.30343
0.31665 0.10356 0.21670 0.46766
0.35954 0.00509 0.35167 0.36581
-0.66683 0.05557 -0.77292 -0.61450
-0.33301 0.04566 -0.36979 -0.25815
0.01401 0.01061 0.00000 0.03213
0.21249 0.01639 0.18445 0.22577
1.07893 0.10522 0.90243 1.17642
-0.10842 0.07096 -0.16769 0.02702
