# avg	std	min	max
0.25411 0.10550 0.16829 0.39720
0.25351 0.00136 0.25079 0.25419
0.48750 0.01704 0.46601 0.50812
-0.00318 0.03078 -0.06003 0.02101
-0.01137 0.17186 -0.21250 0.30514
-0.05032 0.04109 -0.08710 0.02450
-0.16900 0.00051 -0.17002 -0.16871
1.53207 0.04303 1.49801 1.61528
2.12071 0.08233 2.05545 2.26061
0.02636 0.00264 0.02382 0.03109
0.60154 0.08722 0.46329 0.73764
1.91482 0.08624 1.86494 2.08716
-0.07112 0.06993 -0.12652 0.06275
-0.54615 0.04237 -0.59345 -0.47706
-0.49273 0.05182 -0.59606 -0.46114
-0.01995 0.07972 -0.09672 0.09373
-0.09805 0.01240 -0.11812 -0.08396
-0.69350 0.11548 -0.90430 -0.56471
-1.26474 0.02518 -1.29608 -1.23613
0.00267 0.00386 0.00000 0.01013
-0.00061 0.02998 -0.04279 0.04068
0.37877 0.35895 -0.07666 0.76002
-0.53915 0.08599 -0.59119 -0.36787
