# avg	std	min	max
0.79519 0.08531 0.70555 0.94639
0.02217 0.05722 -0.03195 0.12407
1.08384 0.14874 0.79201 1.18337
-1.01177 0.02663 -1.03654 -0.96551
0.60309 0.25682 0.11827 0.80066
-0.38364 0.00454 -0.38786 -0.37528
-0.01413 0.08810 -0.12348 0.07249
0.22216 0.04715 0.13854 0.28093
-0.84667 0.45639 -1.75633 -0.57165
-0.53796 0.04482 -0.57917 -0.45902
0.75361 0.03220 0.70612 0.80130
0.65018 0.02514 0.60178 0.67530
-0.18435 0.01708 -0.20493 -0.15523
-0.55011 0.01333 -0.56079 -0.52447
-0.07634 0.03126 -0.11750 -0.02922
-1.65113 0.03123 -1.70979 -1.62021
-0.00092 0.06932 -0.06680 0.09017
0.26990 0.04607 0.20066 0.31880
-0.13973 0.51006 -0.88675 0.42534
-0.20202 0.02789 -0.22576 -0.14801
0.45650 0.12608 0.25632 0.57527
4.87169 1.10637 3.55062 6.10941
1.03497 0.35993 0.59935 1.49044
