# avg	std	min	max
2.66203 0.05299 2.63554 2.76801
2.21220 0.03436 2.19502 2.28091
1.01986 0.00078 1.01844 1.02046
0.04289 0.00012 0.04268 0.04303
0.00014 0.00029 0.00000 0.00072
-0.68037 0.04189 -0.75575 -0.63176
2.19973 0.35314 1.62873 2.53215
1.49465 0.03551 1.44061 1.54485
2.39176 0.04363 2.35605 2.44837
2.27736 0.05358 2.23385 2.35612
1.33602 0.03140 1.31925 1.39879
1.37534 0.00110 1.37445 1.37749
2.27477 0.07711 2.21186 2.41467
1.19627 0.07504 1.12537 1.32574
1.39421 0.03232 1.33210 1.41812
2.70261 0.22527 2.25208 2.81560
2.57047 0.13444 2.30615 2.68400
1.38681 0.14901 1.10244 1.52531
-0.00012 0.19336 -0.32966 0.19459
2.13663 0.04836 2.08736 2.22083
2.34862 0.22622 2.10294 2.77170
2.11486 0.22222 1.70205 2.37155
1.45034 0.38313 0.69610 1.73722
