# avg	std	min	max
3.41219 0.14920 3.24210 3.66390
2.69409 0.11456 2.55684 2.87031
1.13784 0.09894 1.02808 1.30960
-0.23221 0.22588 -0.45109 0.12119
0.00152 0.00629 -0.00648 0.01226
1.61014 0.46825 0.73377 2.12455
6.58058 1.74136 3.71195 9.20397
5.46536 1.23069 3.19633 6.66106
7.05540 0.14033 6.80792 7.22130
3.20072 0.05558 3.11186 3.26014
2.69006 0.26075 2.19135 2.94541
1.78353 0.10353 1.59418 1.88239
6.38143 1.36609 4.45937 7.84245
1.04533 0.14969 0.75118 1.16636
2.18671 0.13834 2.00015 2.30638
3.99412 0.13687 3.80136 4.15879
3.85683 0.56828 3.12630 4.35471
2.73733 0.10388 2.57405 2.89509
3.02886 0.14215 2.85340 3.22607
10.16027 1.04459 8.90958 12.05390
6.70306 0.60699 6.21045 7.86266
5.77823 0.53016 5.32000 6.76256
7.94373 0.65214 7.26382 9.03182
