# avg	std	min	max
0.83947 0.06661 0.74787 0.95569
0.16849 0.01551 0.13754 0.17689
0.61335 0.00230 0.60884 0.61538
-0.13475 0.05191 -0.19538 -0.07422
-0.00040 0.00009 -0.00058 -0.00035
-0.28746 0.04529 -0.35818 -0.22769
-0.65517 0.06667 -0.75954 -0.56252
-0.54449 0.06514 -0.63875 -0.43962
-0.08834 0.12889 -0.19422 0.16404
-0.42181 0.01224 -0.44555 -0.41300
-0.48770 0.01878 -0.51396 -0.46982
0.90722 0.03009 0.86001 0.94474
-0.50384 0.05296 -0.56888 -0.44234
0.11101 0.04066 0.07449 0.17544
-0.41280 0.01498 -0.42187 -0.38288
0.97005 0.02315 0.94576 1.01203
0.04210 0.04208 -0.02569 0.09443
-0.22172 0.02771 -0.25304 -0.17539
-1.31093 0.35359 -1.69798 -0.66092
-0.01112 0.02002 -0.04551 0.01489
0.89737 0.03448 0.84998 0.94792
1.04464 0.02734 1.00502 1.07982
-0.78951 0.30927 -1.25518 -0.32984
