# avg	std	min	max
1.05280 0.01623 1.03473 1.08257
0.39620 0.00000 0.39620 0.39620
0.39537 0.00006 0.39532 0.39548
-0.18364 0.02554 -0.21898 -0.13942
-0.01471 0.00000 -0.01471 -0.01471
0.13954 0.07381 0.04950 0.23003
-0.02629 0.01003 -0.03313 -0.00637
-0.03744 0.04984 -0.09675 0.02746
1.79281 0.02811 1.75345 1.82661
0.57319 0.00418 0.57046 0.58152
0.37522 0.00710 0.37060 0.38937
0.55227 0.01375 0.54528 0.57977
0.26678 0.01146 0.24948 0.28109
0.47461 0.00368 0.46841 0.47882
-0.19301 0.03681 -0.23914 -0.13544
1.23002 0.23305 0.85057 1.56710
0.74279 0.02234 0.70814 0.77872
-0.17592 0.04511 -0.24934 -0.10881
-0.10969 0.02182 -0.13350 -0.08071
0.27138 0.00583 0.26312 0.27895
1.44310 0.18987 1.18388 1.65350
1.27319 0.36839 0.64807 1.64524
0.04280 0.01362 0.03490 0.06997
