# avg	std	min	max
0.42449 0.03063 0.39481 0.47658
0.32872 0.00922 0.32133 0.34652
0.47063 0.00750 0.46109 0.47770
0.13189 0.00886 0.12371 0.14838
-0.00036 0.00038 -0.00098 0.00022
0.25182 0.03075 0.20539 0.29276
-0.00093 0.00353 -0.00459 0.00561
0.09367 0.02598 0.06508 0.14165
0.84710 0.01426 0.83062 0.86604
0.62220 0.00360 0.61976 0.62931
0.46400 0.01816 0.45241 0.49932
0.47881 0.01355 0.45911 0.49907
0.07581 0.03602 0.02822 0.12691
0.30109 0.04845 0.21338 0.35163
0.29355 0.01282 0.28118 0.31659
0.05205 0.03501 0.02282 0.10587
0.18453 0.01731 0.15386 0.20268
0.16428 0.02375 0.12632 0.19327
0.20420 0.05335 0.11781 0.27935
0.35831 0.03367 0.29170 0.38212
0.29070 0.02505 0.25693 0.32068
0.06919 0.02501 0.02409 0.09999
-0.43616 0.05730 -0.54960 -0.39558
