# avg	std	min	max
1.46848 0.00199 1.46554 1.47045
0.80518 0.18820 0.53113 1.00385
0.01062 0.15411 -0.10947 0.28732
-0.48202 0.17550 -0.65520 -0.18377
-0.22678 0.18422 -0.44865 -0.03772
-0.42618 0.17765 -0.74541 -0.25640
-0.60609 0.36240 -0.85988 0.10845
-1.12583 0.17784 -1.33509 -0.88529
0.17216 0.13943 0.00831 0.35456
1.07702 0.17630 0.80670 1.26052
0.19945 0.19361 0.04892 0.53209
0.56212 0.20342 0.32497 0.78024
0.06346 0.28278 -0.32430 0.45003
0.77227 0.11796 0.60958 0.97718
0.45130 0.18387 0.18458 0.66580
0.83094 0.21065 0.57745 1.08835
0.35803 0.17018 0.21641 0.64780
-0.23207 0.17676 -0.51686 -0.02414
-0.13323 0.22744 -0.49444 0.09322
0.53394 0.24076 0.22105 0.94647
0.61915 0.01216 0.59760 0.63228
-0.22416 0.01460 -0.23706 -0.19628
0.26535 0.39357 -0.48183 0.60598
