# avg	std	min	max
2.60849 0.06603 2.50207 2.68891
1.31433 0.07066 1.18489 1.39475
0.65473 0.01031 0.63586 0.66470
0.50363 0.07592 0.39953 0.60752
-0.00340 0.00543 -0.01313 0.00205
0.37213 0.04812 0.31068 0.43136
0.83096 0.11380 0.65590 0.98085
0.68542 0.23957 0.43919 1.14280
3.65936 0.12037 3.46907 3.82638
1.59329 0.04833 1.51975 1.64819
1.64050 0.02514 1.60272 1.67719
1.74224 0.06096 1.68163 1.81910
0.96446 0.05325 0.90231 1.02913
1.05913 0.06021 0.94455 1.11364
0.90884 0.04996 0.85196 0.99769
1.73022 0.07044 1.60634 1.81938
0.77714 0.04254 0.71703 0.85011
0.50042 0.02134 0.46729 0.51989
0.51424 0.12204 0.27249 0.60228
1.02270 0.02640 0.97660 1.05683
1.31490 0.16681 1.07149 1.56752
1.26572 0.18119 1.14123 1.62222
0.48461 0.07510 0.34954 0.56993
