# avg	std	min	max
2.01778 0.03538 1.94722 2.04060
1.03418 0.00135 1.03348 1.03689
0.83360 0.00833 0.82200 0.84781
-0.25877 0.00361 -0.26395 -0.25522
0.00460 0.01030 -0.00786 0.01592
-0.23643 0.00795 -0.24375 -0.22194
-0.35742 0.00679 -0.36692 -0.34663
-0.30480 0.04097 -0.34813 -0.23734
4.25797 0.02391 4.23664 4.30189
1.49480 0.03021 1.44257 1.53581
1.15666 0.03315 1.10295 1.19973
1.41473 0.14177 1.23164 1.53574
-0.29557 0.00399 -0.30163 -0.29111
0.63657 0.00769 0.62390 0.64655
0.86109 0.01124 0.85247 0.88304
1.37067 0.04252 1.32740 1.42934
0.81693 0.00262 0.81237 0.81973
0.24617 0.02942 0.21483 0.29470
0.44015 0.02692 0.39361 0.47371
0.53640 0.02612 0.51443 0.58616
1.02363 0.00997 1.01033 1.03821
1.01000 0.03352 0.98604 1.07583
-0.70046 0.06810 -0.81575 -0.60309
