# avg	std	min	max
2.24490 0.02246 2.21583 2.27565
1.26696 0.05099 1.17667 1.31544
0.91065 0.00784 0.89964 0.92131
-0.45196 0.02853 -0.49470 -0.41840
-0.00188 0.00401 -0.00641 0.00566
-0.32584 0.07266 -0.46366 -0.25248
0.05455 0.15956 -0.20675 0.22599
-0.57218 0.03122 -0.61002 -0.52863
2.55287 0.07702 2.46044 2.63799
1.35107 0.09763 1.25113 1.51873
1.46536 0.03879 1.43640 1.53639
1.27849 0.02566 1.24220 1.30347
0.11714 0.07089 -0.00937 0.19712
0.89521 0.01300 0.87614 0.91708
0.61031 0.04335 0.54192 0.67242
0.38621 0.03879 0.31644 0.42711
0.20763 0.03697 0.16150 0.25247
0.51677 0.05908 0.42742 0.61147
0.28137 0.28478 -0.12596 0.61612
1.01249 0.05898 0.96190 1.12473
1.31145 0.11812 1.16630 1.51296
1.93673 0.04141 1.89683 2.01554
-0.43728 0.05949 -0.51324 -0.36496
