# avg	std	min	max
1.48571 0.03529 1.41611 1.50891
0.68824 0.02915 0.63332 0.71014
0.72920 0.01522 0.70349 0.74779
0.14497 0.04178 0.10097 0.21558
-0.00025 0.00352 -0.00712 0.00289
-0.06618 0.03885 -0.11517 -0.02532
0.03710 0.01022 0.01878 0.04701
-0.11373 0.02281 -0.14339 -0.08304
4.17530 0.05686 4.09518 4.27259
0.75013 0.02204 0.72622 0.79001
1.23321 0.00524 1.22446 1.23764
1.14360 0.04192 1.07428 1.20215
0.07952 0.00287 0.07738 0.08472
0.57952 0.00476 0.57481 0.58546
0.14437 0.02438 0.10950 0.16794
1.38848 0.00971 1.36933 1.39636
1.06236 0.02530 1.02470 1.08561
0.03241 0.06756 -0.05110 0.10311
-0.36219 0.01942 -0.38617 -0.33609
0.60556 0.01185 0.58352 0.61924
1.37974 0.02112 1.35166 1.41630
0.96829 0.01996 0.93753 0.99169
-0.19223 0.03941 -0.25014 -0.13307
