# avg	std	min	max
0.74078 0.02879 0.69581 0.78447
0.27195 0.05153 0.21226 0.35810
0.38989 0.04574 0.34316 0.45581
-0.01823 0.03796 -0.06496 0.04651
0.04688 0.07364 -0.02433 0.18023
-0.11443 0.04831 -0.18864 -0.06315
-0.10349 0.02436 -0.12943 -0.06738
-0.47436 0.00563 -0.48050 -0.46513
-0.88663 0.05255 -0.94739 -0.79296
0.14251 0.06854 0.03058 0.22533
0.07796 0.05224 -0.00329 0.13205
0.60461 0.06328 0.52367 0.71087
0.01406 0.00827 0.00180 0.02514
0.23287 0.13114 0.12136 0.47790
-0.10044 0.02494 -0.13636 -0.07915
-0.39285 0.08000 -0.53246 -0.31093
-0.41641 0.07097 -0.53689 -0.32026
-0.01066 0.01680 -0.02818 0.01976
-0.06510 0.01701 -0.09210 -0.03975
0.65857 0.10896 0.45120 0.74988
0.46506 0.03915 0.40415 0.50083
0.42113 0.06911 0.35318 0.54966
0.24024 0.08011 0.08537 0.30594
