# avg	std	min	max
1.51697 0.17868 1.20846 1.69202
0.49505 0.08715 0.40729 0.64233
0.17964 0.07420 0.07862 0.28831
-1.56214 0.22012 -1.76943 -1.17277
-0.77315 0.19655 -0.98542 -0.43547
-0.59123 0.17690 -0.85239 -0.37735
0.59014 0.35813 -0.03528 1.04120
1.68308 1.99409 -0.81464 4.43262
3.91068 0.09786 3.74296 4.01985
0.28078 0.14045 0.03123 0.45387
-0.87854 0.13500 -1.00675 -0.64353
0.74916 0.07953 0.62394 0.85414
1.55330 1.18898 -0.61694 2.73736
0.52310 0.30014 0.02859 0.94649
0.51504 0.24532 0.12570 0.83643
2.21779 0.22269 1.84510 2.43597
1.19218 0.20284 0.89416 1.42902
-0.01932 0.01292 -0.04004 -0.00915
-1.12252 0.76382 -2.48142 -0.10816
1.88647 0.44712 1.40453 2.59967
1.80671 0.15489 1.67183 2.10133
1.43722 0.17909 1.24876 1.73418
1.86683 1.09917 0.67221 3.67175
