# avg	std	min	max
1.85816 0.02716 1.81573 1.89942
1.18621 0.00000 1.18621 1.18621
0.83785 0.01399 0.82724 0.86491
-0.11999 0.13435 -0.23330 0.13401
-0.18974 0.01557 -0.20149 -0.15938
-0.64019 0.15318 -0.93604 -0.50921
-0.20990 0.02636 -0.24286 -0.17690
-0.67651 0.00657 -0.68555 -0.66500
4.19131 0.00290 4.18765 4.19564
1.04145 0.01671 1.02629 1.06557
1.35289 0.01210 1.34440 1.37621
0.62468 0.15874 0.32086 0.75213
-0.09382 0.02381 -0.13127 -0.05947
0.17819 0.01876 0.16819 0.21571
0.40876 0.01580 0.38829 0.43159
1.10285 0.01707 1.09410 1.13698
1.02762 0.00752 1.01362 1.03575
-0.00963 0.01660 -0.04283 -0.00133
0.03626 0.00750 0.02802 0.05030
0.24400 0.00075 0.24327 0.24539
1.19526 0.00650 1.18817 1.20340
0.86687 0.00661 0.86041 0.87958
-0.33369 0.17288 -0.54699 -0.05476
