# avg	std	min	max
0.46773 0.00640 0.46216 0.47846
0.35288 0.03281 0.32362 0.41576
0.46731 0.03880 0.42410 0.54050
0.08244 0.01635 0.05593 0.10452
0.39025 0.03099 0.35914 0.44772
0.28858 0.03645 0.25004 0.34502
0.32077 0.02240 0.28609 0.34544
0.05367 0.24052 -0.40462 0.29609
-0.15744 0.01620 -0.18626 -0.13750
0.51003 0.01857 0.49186 0.54325
0.42716 0.02370 0.38934 0.45732
0.44650 0.05151 0.40590 0.54765
0.23971 0.06482 0.15398 0.31752
0.28337 0.08659 0.12325 0.37433
0.17835 0.04218 0.12391 0.25331
0.56749 0.00910 0.56003 0.58482
0.02083 0.03724 -0.02042 0.08463
-0.01342 0.00219 -0.01452 -0.00905
-0.45144 0.21833 -0.71643 -0.06391
0.54450 0.03043 0.51045 0.59310
0.67450 0.01366 0.65889 0.69107
0.61523 0.02858 0.58791 0.65907
-0.16250 0.17477 -0.29069 0.15361
