# avg	std	min	max
-1.83363 0.07314 -1.94607 -1.75501
0.77350 0.07090 0.69354 0.90488
1.21501 0.07039 1.15286 1.32390
0.44624 0.04814 0.38727 0.49271
1.05425 0.03820 1.02163 1.12727
0.39123 0.06015 0.30191 0.47151
0.34387 0.06438 0.26457 0.45008
0.61202 0.13983 0.44909 0.79203
3.06385 0.07099 2.93628 3.13875
0.53451 0.01831 0.50583 0.55990
1.23287 0.11298 1.14117 1.44019
0.55030 0.09268 0.45436 0.71897
0.41800 0.12735 0.20829 0.59053
0.03389 0.04930 -0.02990 0.11046
0.07394 0.08973 -0.04154 0.21245
0.37029 0.11744 0.20589 0.53245
0.14504 0.15935 -0.09302 0.33797
-0.09589 0.07300 -0.22140 -0.01925
-0.43219 0.05192 -0.47605 -0.35716
0.19032 0.09884 0.09594 0.35369
0.13072 0.08776 -0.00677 0.25341
0.63867 0.09989 0.55638 0.83409
-0.24755 0.06539 -0.32548 -0.12713
