# avg	std	min	max
0.32456 0.00000 0.32456 0.32456
0.23363 0.01114 0.22806 0.25591
0.25876 0.02338 0.24703 0.30552
0.15258 0.00088 0.15121 0.15342
0.33172 0.02163 0.28923 0.35012
0.27490 0.05650 0.22943 0.38221
-0.03123 0.00246 -0.03335 -0.02812
0.09221 0.00504 0.08691 0.09960
-0.09489 0.03652 -0.13253 -0.03495
0.37404 0.04469 0.32637 0.43918
0.15433 0.02673 0.14080 0.20779
0.24032 0.04081 0.20218 0.30114
0.02908 0.02692 0.01377 0.08285
0.17556 0.05137 0.11687 0.26232
0.11780 0.05073 0.04353 0.17162
-0.11514 0.02455 -0.13944 -0.07235
-0.12216 0.04348 -0.19073 -0.07410
-0.02098 0.03490 -0.07316 0.03447
0.11522 0.04757 0.05880 0.17002
0.42087 0.04690 0.39226 0.51368
0.43528 0.01764 0.42307 0.47019
0.34867 0.05246 0.28706 0.42849
-0.40936 0.06825 -0.48359 -0.31690
