# avg	std	min	max
0.80668 0.03494 0.76650 0.84508
0.69070 0.00515 0.68800 0.70099
0.49628 0.00586 0.49153 0.50470
0.27897 0.00047 0.27836 0.27962
0.31291 0.00278 0.30979 0.31715
0.16774 0.01047 0.15028 0.18023
-0.24734 0.00651 -0.25355 -0.23497
-0.19478 0.06108 -0.24780 -0.11880
0.29853 0.00375 0.29433 0.30454
0.88625 0.00542 0.87547 0.88997
0.52067 0.02153 0.50986 0.56372
0.33567 0.09326 0.25930 0.45011
-0.17429 0.04002 -0.21154 -0.12080
-0.11163 0.01134 -0.12375 -0.09319
0.11427 0.09542 0.02144 0.27213
0.05399 0.00771 0.04255 0.06579
0.10922 0.16852 -0.22686 0.21668
-0.00172 0.00343 -0.00859 0.00000
-0.29519 0.06296 -0.37379 -0.21075
0.08895 0.00979 0.07740 0.10172
0.68176 0.01246 0.67418 0.70653
0.43512 0.01715 0.41972 0.46354
-0.67692 0.03491 -0.72047 -0.64498
