# avg	std	min	max
0.51326 0.00000 0.51326 0.51326
0.30355 0.00140 0.30285 0.30635
0.69059 0.00004 0.69055 0.69066
0.43787 0.00408 0.42970 0.43995
0.64447 0.00004 0.64442 0.64453
0.64599 0.00347 0.64239 0.65045
0.30136 0.02550 0.26807 0.33107
0.44030 0.00843 0.42984 0.45067
-0.09681 0.02402 -0.11664 -0.05084
0.53262 0.00635 0.52915 0.54531
0.54976 0.00006 0.54971 0.54983
0.46258 0.00076 0.46147 0.46340
0.29321 0.01684 0.27314 0.31497
0.23626 0.00609 0.22595 0.24304
0.18185 0.04165 0.12317 0.23181
0.07348 0.01495 0.05670 0.09740
-0.05169 0.01633 -0.06706 -0.02097
-0.02128 0.01472 -0.02864 0.00816
0.15813 0.06163 0.06601 0.22060
0.43997 0.04362 0.38751 0.48961
-0.21045 0.02520 -0.24369 -0.17714
0.35284 0.01091 0.33805 0.36934
-0.24334 0.06855 -0.34847 -0.17484
