# avg	std	min	max
0.21814 0.01599 0.20936 0.25007
0.46309 0.01968 0.44157 0.48913
0.64753 0.01777 0.62379 0.66717
0.05528 0.00796 0.04367 0.06664
0.69034 0.03423 0.64555 0.72923
-0.08989 0.07612 -0.17913 0.03312
-0.58526 0.05605 -0.66413 -0.49048
-0.32112 0.01607 -0.33753 -0.29253
-0.69603 0.04808 -0.75563 -0.62116
0.35416 0.00833 0.34626 0.36734
0.49436 0.01647 0.47387 0.52249
0.23266 0.00944 0.22324 0.24722
-0.33072 0.07231 -0.42186 -0.24493
-0.34628 0.02157 -0.38263 -0.31688
-0.13377 0.02126 -0.16909 -0.10506
0.26653 0.01796 0.25294 0.30141
0.64842 0.01807 0.62881 0.67478
0.00284 0.01449 -0.01282 0.02507
-0.24309 0.08328 -0.38631 -0.14389
0.13268 0.05036 0.04864 0.20151
0.70785 0.01960 0.68512 0.74336
0.90079 0.03055 0.84070 0.92293
-0.37873 0.03934 -0.42136 -0.31281
