# avg	std	min	max
1.17202 0.07917 1.06752 1.27845
0.34612 0.14808 0.18179 0.60777
1.32559 0.08755 1.21179 1.43157
0.06330 0.16292 -0.08762 0.36642
0.73247 0.11075 0.53039 0.83339
-0.07734 0.08069 -0.18889 0.02249
0.24020 0.08925 0.11969 0.35744
-0.39440 0.18074 -0.57978 -0.04786
3.85982 0.11802 3.66675 4.03109
0.40206 0.12060 0.25263 0.56140
0.96534 0.04823 0.91393 1.02869
1.17644 0.17410 0.95722 1.35925
0.48510 0.16293 0.30107 0.68624
0.54107 0.17302 0.24998 0.71543
0.09856 0.10286 -0.09814 0.18352
1.16960 0.11363 1.00422 1.28460
0.90416 0.08386 0.79181 1.04052
-0.03804 0.05675 -0.11410 0.05194
-0.17056 0.12530 -0.38010 -0.03622
0.65696 0.16001 0.45717 0.85851
1.14806 0.10623 0.95215 1.22930
1.26099 0.04845 1.18209 1.30371
0.50138 0.05821 0.41300 0.58578
