# avg	std	min	max
2.33053 0.08109 2.18305 2.39877
2.31062 0.01308 2.29014 2.33087
2.23404 0.00738 2.22192 2.24409
2.03028 0.02517 1.99085 2.06768
2.05042 0.04112 2.00766 2.11559
1.97056 0.01059 1.95044 1.98055
1.96986 0.00944 1.96251 1.98844
1.95554 0.02553 1.91747 1.98674
-0.12272 0.00755 -0.13644 -0.11330
2.03630 0.12588 1.96040 2.28736
2.27876 0.00679 2.27257 2.28962
2.10358 0.06976 2.06554 2.24298
2.10133 0.04838 2.00977 2.14394
1.79963 0.02736 1.77128 1.84765
1.74043 0.03754 1.70262 1.81112
2.40945 0.16338 2.20319 2.54437
1.77952 0.06733 1.64747 1.83300
-0.00113 0.01792 -0.02986 0.02680
1.55298 0.00807 1.54285 1.56534
2.14466 0.03991 2.11819 2.22368
2.00393 0.02145 1.97074 2.03587
2.39598 0.02549 2.37368 2.44555
2.23594 0.09681 2.12975 2.38418
