# avg	std	min	max
1.20251 0.11000 1.03934 1.31868
0.51620 0.07573 0.37394 0.58843
0.64904 0.05680 0.59459 0.75477
0.38120 0.03211 0.33100 0.43056
0.37578 0.06702 0.26920 0.47978
0.40341 0.04326 0.35034 0.47594
0.19434 0.07008 0.11573 0.32397
0.27540 0.03915 0.21716 0.33441
-1.24497 0.39477 -1.63855 -0.74803
0.88580 0.07195 0.80223 0.97355
0.85284 0.04397 0.77470 0.89775
1.13918 0.08473 0.97630 1.20363
0.26323 0.07211 0.16940 0.38507
1.17083 0.08538 1.03647 1.30598
0.54062 0.04548 0.47323 0.59896
0.95743 0.06554 0.83016 1.01191
-0.05617 0.08064 -0.17468 0.02489
-0.02513 0.00000 -0.02513 -0.02513
-0.52247 0.09535 -0.64001 -0.36291
1.08291 0.04910 0.99572 1.13154
0.79101 0.04552 0.71673 0.85521
0.72092 0.08533 0.56489 0.79676
-0.33277 0.05069 -0.38061 -0.24295
