# avg	std	min	max
0.86262 0.00522 0.85693 0.87235
0.16779 0.00646 0.16430 0.18071
1.09679 0.00082 1.09543 1.09750
-0.13896 0.00805 -0.15443 -0.13091
0.92598 0.00806 0.91941 0.94157
-0.24556 0.17374 -0.49351 0.00933
0.45174 0.00529 0.44517 0.46137
-0.10296 0.00418 -0.10986 -0.09831
2.06187 0.39434 1.63647 2.55306
0.00527 0.03616 -0.06335 0.04184
0.40409 0.01102 0.39343 0.42279
0.67311 0.00358 0.67001 0.67960
0.36688 0.10555 0.22034 0.46314
0.10494 0.00038 0.10454 0.10545
-0.25882 0.00892 -0.26492 -0.24123
0.15575 0.00677 0.15190 0.16928
0.04387 0.00159 0.04092 0.04576
-0.02716 0.00000 -0.02716 -0.02716
0.09510 0.00999 0.07720 0.10459
0.35146 0.02583 0.32871 0.39562
0.26271 0.00403 0.25914 0.26934
1.05034 0.00508 1.04649 1.05996
-0.07348 0.05257 -0.16123 -0.01468
