# avg	std	min	max
2.69805 0.01116 2.68709 2.71894
0.85991 0.00908 0.85427 0.87794
0.84654 0.01489 0.83149 0.86635
0.41135 0.04643 0.37229 0.50029
0.66420 0.00995 0.65606 0.68322
0.78384 0.06442 0.67446 0.85505
-0.10632 0.05646 -0.16988 -0.03635
0.16283 0.03349 0.12334 0.21797
3.84085 0.01599 3.82296 3.86509
1.01016 0.01001 1.00351 1.03001
0.91861 0.01061 0.91124 0.93957
0.64986 0.00907 0.63355 0.65840
0.36231 0.01180 0.35017 0.38480
0.50582 0.19514 0.12937 0.67496
0.24244 0.01024 0.23163 0.25836
0.99949 0.02371 0.96359 1.03179
1.05145 0.00724 1.04309 1.06084
0.00000 0.00000 0.00000 0.00000
-0.36954 0.28453 -0.92556 -0.14960
0.75408 0.07217 0.61632 0.82255
1.51114 0.02620 1.46746 1.54389
1.82624 0.01536 1.80755 1.85377
0.33938 0.10820 0.13051 0.42522
