# avg	std	min	max
1.95726 0.02050 1.92675 1.98578
0.71412 0.04878 0.65803 0.79322
0.23942 0.03384 0.19143 0.29215
-0.59917 0.02454 -0.62441 -0.56181
-0.30822 0.04446 -0.36627 -0.23453
-0.22897 0.06600 -0.33225 -0.15006
-0.38604 0.01809 -0.40978 -0.35525
-0.34489 0.11881 -0.44272 -0.11720
3.64473 0.07762 3.49749 3.71687
0.95738 0.03826 0.90101 0.99406
1.18774 0.06451 1.09698 1.27082
1.10717 0.01112 1.09373 1.12766
-0.26729 0.03785 -0.32340 -0.23454
0.44434 0.02152 0.41375 0.47666
0.15278 0.07001 0.06943 0.24617
1.41106 0.04779 1.34589 1.47797
0.69042 0.02766 0.65109 0.72018
-0.03648 0.03944 -0.11255 -0.00304
-0.09006 0.02354 -0.12368 -0.04999
0.12568 0.02992 0.08518 0.17111
1.24449 0.05277 1.16099 1.29933
1.64042 0.03492 1.59344 1.68725
-0.55918 0.04553 -0.61417 -0.47674
