# avg	std	min	max
3.11037 0.00284 3.10528 3.11297
2.09327 0.00297 2.08971 2.09792
1.70610 0.46972 0.76679 1.95061
-0.00741 0.00621 -0.01376 0.00000
-0.29030 0.00779 -0.30527 -0.28282
0.59386 0.05513 0.49812 0.65743
-0.13935 0.00244 -0.14366 -0.13724
-0.10285 0.01681 -0.12619 -0.08043
5.84060 0.15658 5.52856 5.93689
2.23036 0.01714 2.21437 2.25183
2.65726 0.00540 2.65055 2.66674
1.77941 0.00556 1.76885 1.78438
0.41563 0.02126 0.38668 0.44455
1.55492 0.18166 1.23033 1.72333
1.19171 0.04710 1.12940 1.23646
3.02042 0.01027 3.00939 3.03971
2.43408 0.02736 2.39545 2.47093
1.05136 0.01375 1.03263 1.07382
1.28685 0.10266 1.14964 1.41290
1.41761 0.02158 1.39219 1.45166
3.34796 0.29449 2.76237 3.54538
4.33590 0.03684 4.27935 4.38343
0.93743 0.21219 0.66596 1.22800
