# avg	std	min	max
2.80948 0.01175 2.79123 2.82411
1.88312 0.01708 1.86253 1.90135
2.05101 0.35563 1.35789 2.35572
-0.00024 0.01055 -0.01217 0.01760
1.07709 0.10260 0.98570 1.21104
-0.34934 0.02756 -0.38091 -0.31406
0.81043 0.02446 0.77821 0.84596
0.99899 0.06718 0.90206 1.08382
1.78040 0.01358 1.75437 1.79194
2.51623 0.02490 2.47012 2.53468
1.62893 0.00307 1.62448 1.63216
2.67600 0.00378 2.67166 2.68141
0.66505 0.17271 0.45660 0.90566
2.00524 0.27919 1.63991 2.26107
1.34127 0.02628 1.30325 1.37928
2.80432 0.01041 2.79109 2.81627
1.54353 0.07857 1.47342 1.65549
0.96779 0.04076 0.89878 1.01878
0.82640 0.33531 0.22842 1.16525
1.73080 0.01870 1.70530 1.75476
3.49435 0.03803 3.46154 3.56811
4.26006 0.55933 3.54283 5.05205
0.36872 0.03205 0.33585 0.41146
