# avg	std	min	max
5.27680 0.13053 5.15798 5.51972
3.69785 0.00971 3.67937 3.70694
3.88627 0.60325 2.79542 4.46892
-0.01418 0.01324 -0.03614 0.00028
3.80714 0.15474 3.49904 3.91230
0.81845 0.09971 0.62262 0.89522
0.86924 0.21931 0.46808 1.09121
6.83783 0.55004 6.13706 7.69238
8.95694 0.12137 8.72595 9.07780
4.21373 0.00900 4.19730 4.22177
2.84017 0.01257 2.82530 2.86019
3.79003 0.00858 3.78072 3.80625
2.06403 0.16662 1.85898 2.35290
3.84339 0.35221 3.50297 4.45547
2.96557 0.20039 2.78866 3.35699
5.13117 0.02678 5.09536 5.17348
4.48954 0.02700 4.45313 4.53290
4.16944 0.16295 3.96131 4.40472
5.78199 0.19155 5.59966 6.13450
3.10842 0.01172 3.09178 3.12730
8.20883 0.02795 8.15929 8.24173
11.44192 1.43351 10.06940 13.99900
15.99650 1.38617 13.89570 17.50820
