# avg	std	min	max
5.54033 0.08353 5.38149 5.60337
3.83848 0.02346 3.80728 3.86591
4.50859 0.19126 4.23354 4.71563
-0.01385 0.01950 -0.03648 0.01483
2.89322 0.46487 2.47724 3.80189
0.46708 0.01317 0.45242 0.48383
1.44425 0.17303 1.29012 1.75592
5.75316 2.49625 2.94482 10.20450
8.01844 0.09945 7.91765 8.19819
4.67323 0.03958 4.61716 4.74052
3.72817 0.14465 3.50483 3.84828
4.02451 0.01004 4.01415 4.04246
4.90563 2.13647 3.15970 8.03525
3.61998 0.06238 3.56193 3.72210
4.07493 0.02163 4.04967 4.10477
5.71182 0.07647 5.62983 5.82887
5.04298 0.02223 5.02695 5.08662
5.21999 0.20782 5.01043 5.48965
4.96776 1.61870 3.97866 8.19487
3.59166 0.04864 3.54612 3.68456
8.81590 0.08699 8.74514 8.96928
9.91637 1.20695 8.72532 12.02860
17.41020 3.96171 12.04880 23.23790
