# avg	std	min	max
4.89189 0.02456 4.86408 4.93373
3.60469 0.03314 3.56748 3.66039
2.37060 0.01663 2.34808 2.39634
-0.01002 0.01234 -0.03129 -0.00000
0.87197 0.01111 0.85731 0.88982
0.25187 0.09830 0.09661 0.38567
3.04887 0.68625 2.19574 4.25008
1.47064 0.11896 1.26502 1.58565
5.89648 0.07888 5.77605 6.01044
3.23313 0.04238 3.16417 3.28439
1.49144 0.01592 1.46630 1.50964
3.45505 0.02028 3.42290 3.48422
3.34909 0.90106 2.42945 4.47367
4.03627 0.01742 4.00993 4.06418
3.29283 0.02786 3.25372 3.34063
4.30332 0.32563 3.82662 4.71635
3.92617 0.20321 3.73456 4.29240
3.47502 0.10879 3.33837 3.60390
3.29997 0.12141 3.06773 3.41257
3.08185 0.00521 3.07723 3.09170
5.12408 0.32970 4.56208 5.43098
6.84240 0.21290 6.67000 7.25030
2.54158 0.63707 2.13821 3.81220
