# avg	std	min	max
1.32613 0.02037 1.30330 1.35610
0.30824 0.00551 0.30195 0.31716
0.66947 0.01674 0.64150 0.68373
-0.00006 0.00033 -0.00066 0.00034
-0.30681 0.02373 -0.33066 -0.26146
-0.21316 0.05633 -0.26944 -0.11358
-0.00339 0.02402 -0.03474 0.03611
0.05009 0.00763 0.03992 0.05896
4.01298 0.10114 3.85005 4.16831
0.48012 0.00488 0.47381 0.48735
0.66722 0.01993 0.63978 0.69717
0.45689 0.01550 0.43451 0.47425
0.07438 0.02267 0.04516 0.10873
0.36983 0.00218 0.36802 0.37262
0.21301 0.10330 0.14168 0.41284
0.58551 0.01089 0.57274 0.59816
0.28219 0.01044 0.27400 0.30127
-0.08846 0.07082 -0.18557 -0.01012
-0.23573 0.05269 -0.30419 -0.14623
0.61133 0.00318 0.60646 0.61508
0.52433 0.00917 0.51302 0.53556
0.59255 0.02036 0.56890 0.62354
-0.54393 0.08322 -0.62331 -0.42913
