# avg	std	min	max
3.75282 0.04706 3.70112 3.83923
2.43185 0.02694 2.39258 2.47563
1.41649 0.35486 1.08307 2.10442
-0.00533 0.00443 -0.01132 -0.00000
0.64922 1.50590 -0.15101 3.65951
0.27557 0.02367 0.25787 0.32073
0.08124 0.10266 -0.05716 0.26190
-0.51752 0.37988 -0.74992 0.23409
5.50914 0.28514 5.18211 5.85060
2.80233 0.03145 2.76260 2.84085
2.08155 0.04608 2.00894 2.14315
2.37676 0.04719 2.30494 2.43452
0.33638 0.12723 0.11596 0.49623
2.55940 0.02433 2.52593 2.59154
1.80951 0.03099 1.77124 1.84742
3.78275 0.04477 3.70908 3.83466
2.86445 0.03879 2.81796 2.93460
1.42450 0.04581 1.37095 1.49272
1.71122 0.02406 1.68173 1.75398
2.14107 0.05021 2.05117 2.20010
4.82037 0.10383 4.68317 4.91845
7.28714 1.31678 4.67860 8.15137
0.91369 0.25680 0.66627 1.36969
