# avg	std	min	max
4.40985 0.10042 4.30242 4.58696
2.60292 0.08410 2.50046 2.71685
3.06652 0.43584 2.29553 3.52009
-0.09531 0.07855 -0.21913 0.00000
1.39615 0.12344 1.22375 1.54692
0.29512 0.10605 0.10276 0.40622
0.27734 0.33235 -0.08788 0.83516
4.83418 1.40348 2.22643 6.01852
6.41879 0.39164 5.97891 7.10873
4.48028 0.53995 3.84107 5.10378
2.20888 0.16502 2.02077 2.41051
3.80335 0.07935 3.67916 3.91473
4.74204 1.81817 3.06802 7.16135
3.34802 0.43187 2.73543 3.87896
2.93276 0.12650 2.76450 3.06392
3.53125 0.34911 3.12728 4.10987
2.49265 0.51344 1.89774 3.29794
4.11768 0.36600 3.75303 4.76285
3.64274 1.14035 2.35577 5.77403
3.09270 0.11392 2.93322 3.25688
6.40319 0.10079 6.24432 6.52172
8.27192 0.56757 7.69513 8.99931
9.56219 3.07110 3.50483 11.96690
