# avg	std	min	max
2.20449 0.02772 2.16237 2.23416
1.75032 0.03035 1.70472 1.79624
1.34918 0.02983 1.29478 1.37734
-0.01650 0.02140 -0.05823 0.00306
0.38950 0.00726 0.37907 0.40109
-0.30793 0.10745 -0.43258 -0.12196
1.01018 0.03979 0.94921 1.05933
1.40318 0.01475 1.38239 1.42622
0.41441 0.02952 0.37093 0.43854
1.99440 0.02773 1.94418 2.02497
1.44696 0.01208 1.43220 1.46842
1.70773 0.03775 1.63737 1.74108
1.50683 0.04294 1.45147 1.57916
2.04223 0.00032 2.04176 2.04276
0.86553 0.04950 0.81433 0.96036
1.54944 0.11460 1.46004 1.76090
0.94586 0.05640 0.83512 0.98776
0.96002 0.03551 0.88960 0.98646
0.89992 0.02925 0.86179 0.93900
1.21431 0.07001 1.14774 1.34880
1.62461 0.06545 1.52601 1.73148
1.13931 0.01163 1.12241 1.15235
0.51680 0.20531 0.16504 0.79162
