# avg	std	min	max
2.06710 0.03107 2.01196 2.09860
0.86299 0.02512 0.83298 0.90405
0.79843 0.02806 0.77664 0.84873
-0.00030 0.00060 -0.00150 0.00000
-0.01030 0.00313 -0.01523 -0.00592
0.07829 0.00732 0.06781 0.09010
0.20931 0.01778 0.18119 0.23094
0.46703 0.04112 0.41798 0.51077
0.66686 0.10706 0.55916 0.79643
1.14869 0.03149 1.09533 1.19215
1.10059 0.03041 1.04438 1.12757
1.31552 0.00492 1.30848 1.32101
0.29400 0.02209 0.26434 0.31224
1.03879 0.05407 0.93295 1.08264
0.36580 0.06211 0.25096 0.42159
1.38453 0.06823 1.29449 1.44915
0.93960 0.05063 0.85663 0.99543
0.30104 0.06412 0.21666 0.40785
-0.04466 0.23715 -0.51641 0.11287
0.88078 0.03092 0.83275 0.92465
1.41322 0.01445 1.40049 1.44002
1.45622 0.02896 1.42545 1.51041
0.28205 0.05610 0.21299 0.34237
