# avg	std	min	max
1.12322 0.07956 1.02479 1.19812
0.32139 0.08017 0.17783 0.41659
0.55608 0.05954 0.48877 0.64788
0.01104 0.03669 -0.01687 0.08251
0.10335 0.14116 -0.11110 0.25632
-0.40100 0.05035 -0.46435 -0.33840
-0.07992 0.09525 -0.18519 0.04105
-0.27060 0.04901 -0.32398 -0.20616
2.78593 0.09983 2.61146 2.89632
0.23470 0.08756 0.12535 0.34448
0.76638 0.03208 0.74505 0.82971
0.89597 0.10450 0.82354 1.09704
-0.01253 0.06825 -0.10860 0.06666
0.36032 0.06399 0.24093 0.43310
0.22129 0.05212 0.17281 0.31756
0.64591 0.08445 0.52843 0.72992
0.32710 0.11043 0.22076 0.51412
-0.40869 0.13547 -0.54169 -0.16603
-0.07661 0.08934 -0.20699 0.02944
0.59155 0.10155 0.47012 0.72189
0.57924 0.07655 0.44614 0.65480
0.65170 0.05171 0.59551 0.74532
-0.30460 0.13950 -0.51445 -0.16386
