# avg	std	min	max
0.13156 0.00048 0.13093 0.13226
-0.03515 0.00624 -0.04052 -0.02558
0.06582 0.00079 0.06495 0.06708
0.00103 0.00455 -0.00257 0.00999
0.02648 0.00470 0.02287 0.03564
0.00044 0.01212 -0.01835 0.01687
-0.02779 0.00674 -0.03519 -0.01743
0.05090 0.02801 0.01654 0.09100
1.99387 0.02155 1.97282 2.03220
-0.81022 0.00615 -0.81841 -0.80034
-0.38835 0.00752 -0.39267 -0.37335
-0.12254 0.01526 -0.13855 -0.10397
-0.03107 0.00942 -0.04377 -0.01673
-0.47740 0.00654 -0.48570 -0.46907
-0.57626 0.01090 -0.59052 -0.56080
-0.95050 0.00510 -0.95594 -0.94309
-0.78475 0.02588 -0.82411 -0.75150
-0.64218 0.06248 -0.72836 -0.54287
-1.14868 0.10981 -1.36426 -1.06630
-0.50329 0.00887 -0.51456 -0.49314
-0.74384 0.06736 -0.80736 -0.63677
-0.00891 0.03284 -0.03891 0.04927
-0.29213 0.00913 -0.30136 -0.27674
