# avg	std	min	max
0.26116 0.00000 0.26116 0.26116
0.00023 0.00000 0.00023 0.00023
0.05098 0.00311 0.04809 0.05654
0.00000 0.00000 0.00000 0.00000
0.05502 0.00155 0.05250 0.05679
0.05545 0.01832 0.01883 0.06521
0.02027 0.00377 0.01827 0.02780
-0.32816 0.01219 -0.34066 -0.31223
-0.34829 0.00024 -0.34847 -0.34781
-0.07308 0.00087 -0.07461 -0.07211
-0.04366 0.00006 -0.04374 -0.04357
-0.06523 0.00017 -0.06551 -0.06503
0.04744 0.00172 0.04634 0.05083
-0.37037 0.00105 -0.37140 -0.36891
-0.40183 0.02669 -0.45484 -0.38494
-0.81092 0.01323 -0.82264 -0.79037
-0.64574 0.00540 -0.65468 -0.63824
-0.39893 0.04159 -0.46783 -0.34626
-0.40554 0.06592 -0.51240 -0.35055
-0.24170 0.00497 -0.24535 -0.23202
-0.40588 0.06014 -0.49178 -0.32889
-0.15400 0.04544 -0.21137 -0.07938
-0.13814 0.01527 -0.16505 -0.11917
