# avg	std	min	max
0.28640 0.01172 0.26772 0.29659
0.12886 0.00283 0.12445 0.13338
-0.06457 0.00108 -0.06620 -0.06341
0.00094 0.00437 -0.00350 0.00711
0.05780 0.00397 0.05436 0.06537
0.14079 0.00473 0.13424 0.14841
-0.00432 0.00435 -0.00693 0.00434
0.02060 0.00778 0.01588 0.03610
0.77676 0.01551 0.76002 0.80299
-0.06648 0.00287 -0.06969 -0.06122
-0.18546 0.00429 -0.18773 -0.17688
-0.01759 0.00346 -0.01961 -0.01068
0.02777 0.00428 0.01922 0.03002
-0.34680 0.00469 -0.34946 -0.33743
-0.60610 0.02852 -0.63483 -0.57010
-0.64420 0.00943 -0.65281 -0.62810
-0.48662 0.04501 -0.57647 -0.46072
-0.61458 0.03797 -0.68892 -0.58293
-0.69577 0.05606 -0.73909 -0.58624
-0.36853 0.00618 -0.37173 -0.35617
-0.23587 0.13856 -0.35782 -0.06015
-0.03522 0.00949 -0.04605 -0.02047
-0.09819 0.00557 -0.10668 -0.09089
