# avg	std	min	max
0.49191 0.02651 0.44531 0.51460
0.40460 0.01676 0.37766 0.42274
0.31418 0.00612 0.30997 0.32626
0.00375 0.00750 -0.00000 0.01875
0.17156 0.00007 0.17148 0.17164
0.25241 0.00917 0.24403 0.26739
-0.15227 0.00651 -0.16454 -0.14619
-0.00152 0.01562 -0.02886 0.01557
0.05416 0.01439 0.02664 0.06902
0.53681 0.00000 0.53681 0.53682
0.24676 0.00559 0.23886 0.25257
0.26621 0.00003 0.26619 0.26627
-0.12247 0.00586 -0.12692 -0.11097
-0.11073 0.01942 -0.13603 -0.09101
-0.17910 0.03092 -0.22161 -0.13801
-0.48346 0.03152 -0.52439 -0.43780
-0.32282 0.03353 -0.35176 -0.26969
-0.37253 0.05470 -0.44306 -0.30661
-0.29423 0.23477 -0.74901 -0.09851
0.06836 0.01584 0.05846 0.09963
-0.14436 0.05902 -0.20395 -0.04496
0.29129 0.00881 0.28110 0.30661
-0.56685 0.00701 -0.57604 -0.55932
