# avg	std	min	max
0.42329 0.00000 0.42329 0.42329
0.15407 0.00000 0.15407 0.15407
0.00698 0.00127 0.00483 0.00805
0.00004 0.00009 -0.00002 0.00022
-0.00645 0.00142 -0.00767 -0.00372
0.00272 0.00605 -0.00535 0.00830
0.02437 0.00181 0.02296 0.02793
-0.00008 0.00383 -0.00220 0.00758
-0.16835 0.00113 -0.16975 -0.16660
-0.08052 0.00048 -0.08112 -0.07968
-0.40673 0.00026 -0.40687 -0.40621
-0.06434 0.00011 -0.06453 -0.06418
0.01053 0.00026 0.01015 0.01084
-0.34350 0.08110 -0.46323 -0.25892
-0.57300 0.00271 -0.57597 -0.56837
-0.50986 0.03627 -0.55026 -0.44874
-0.52452 0.00440 -0.52976 -0.51785
-0.69763 0.01194 -0.71666 -0.67914
-0.41911 0.07029 -0.48795 -0.32205
-0.34742 0.02139 -0.36397 -0.31161
-0.48082 0.02499 -0.50548 -0.44801
-0.02056 0.00302 -0.02390 -0.01502
-0.05041 0.00523 -0.06011 -0.04643
