# avg	std	min	max
3.10014 0.07039 2.97588 3.17981
1.81588 0.02700 1.76811 1.84965
1.97035 0.02544 1.94337 2.01777
0.00206 0.00146 0.00065 0.00471
1.06960 0.00363 1.06274 1.07261
0.43134 0.07146 0.28846 0.46965
0.90597 0.09018 0.81714 1.04938
1.42053 0.18860 1.05730 1.59749
5.23629 0.22863 4.93936 5.55665
2.01872 0.06900 1.93555 2.10256
2.63440 0.10261 2.47248 2.74324
2.10102 0.01173 2.07895 2.11345
0.96134 0.10535 0.84782 1.12887
1.89920 0.02083 1.87233 1.93061
1.09078 0.07434 0.96962 1.19899
1.71200 0.06851 1.63904 1.79904
1.02648 0.02356 0.98898 1.05914
0.73218 0.01929 0.70861 0.76423
0.92818 0.02113 0.90622 0.95480
2.10731 0.02049 2.08617 2.13267
1.30207 0.04915 1.20505 1.33701
2.43427 0.22382 2.08709 2.68713
1.62616 0.12082 1.45479 1.79878
