# avg	std	min	max
-0.01980 0.00948 -0.03120 -0.00384
-0.25231 0.00000 -0.25231 -0.25231
0.37546 0.00292 0.37230 0.38071
-0.00531 0.00716 -0.01874 -0.00035
0.16719 0.00596 0.15754 0.17485
0.09575 0.05188 0.03238 0.14502
-0.13448 0.00974 -0.14930 -0.12128
-0.34276 0.07919 -0.39375 -0.18500
1.90768 0.01716 1.88140 1.92977
0.06377 0.00093 0.06268 0.06523
0.22899 0.00561 0.22396 0.23778
-0.12693 0.04644 -0.18028 -0.06015
-0.10781 0.00064 -0.10824 -0.10654
-0.30360 0.08136 -0.40806 -0.22010
-0.42989 0.00723 -0.43787 -0.41890
-0.06539 0.02197 -0.10021 -0.03111
0.04098 0.01930 0.02389 0.07868
-0.38214 0.02525 -0.41091 -0.33809
-0.74423 0.00904 -0.75203 -0.72807
-0.21817 0.00173 -0.22054 -0.21651
0.13452 0.01079 0.11315 0.14277
0.44387 0.06405 0.36468 0.55993
-0.70323 0.07304 -0.76694 -0.58582
