# avg	std	min	max
2.97880 0.01078 2.96228 2.99355
2.00169 0.01729 1.97649 2.02033
1.14331 0.00362 1.13861 1.14977
-0.00400 0.00297 -0.00754 -0.00000
0.19153 0.00752 0.18367 0.20572
0.43381 0.02346 0.38800 0.45305
1.42714 0.17321 1.15865 1.60307
1.31311 0.07790 1.20735 1.44872
5.11651 0.05972 5.04196 5.20366
2.37300 0.02799 2.33310 2.41616
2.26818 0.00750 2.25995 2.27926
1.77890 0.00907 1.77104 1.79151
1.19355 0.13101 1.09568 1.44934
1.73771 0.01300 1.72491 1.75586
1.34361 0.09245 1.20377 1.41870
2.40189 0.00716 2.39333 2.41454
1.43293 0.05258 1.35174 1.51226
0.88213 0.04870 0.83294 0.97285
1.01517 0.21625 0.70782 1.19640
2.20329 0.02338 2.16685 2.22654
1.53960 0.13557 1.39538 1.70804
3.05964 0.22274 2.83809 3.40107
1.23467 0.08696 1.13354 1.36734
