# avg	std	min	max
2.20584 0.00603 2.19423 2.21092
1.26866 0.00012 1.26860 1.26890
1.34844 0.00205 1.34666 1.35241
-0.02753 0.00000 -0.02753 -0.02753
0.85171 0.00251 0.84766 0.85544
-0.45482 0.19643 -0.74719 -0.13535
-0.54183 0.00915 -0.56007 -0.53619
-1.15194 0.00346 -1.15709 -1.14651
2.22438 0.11171 2.00843 2.31902
1.27006 0.00018 1.26997 1.27042
1.50270 0.00187 1.50085 1.50629
1.65906 0.00036 1.65868 1.65967
-0.40392 0.01559 -0.42810 -0.39072
1.51924 0.01351 1.49223 1.52627
0.30529 0.02176 0.28973 0.34837
1.57848 0.00305 1.57537 1.58271
0.82925 0.01207 0.82169 0.85325
0.25012 0.09544 0.11564 0.34517
0.51613 0.01860 0.49290 0.54476
0.87739 0.00796 0.87212 0.89279
1.35633 0.00425 1.34978 1.36196
1.49545 0.01071 1.48242 1.50761
-0.95292 0.07990 -1.04612 -0.81553
