# avg	std	min	max
3.07093 0.07749 2.97062 3.19740
1.73672 0.08451 1.61053 1.82592
3.07827 0.04250 3.03542 3.13030
-0.01828 0.01746 -0.04818 -0.00062
1.87736 0.11452 1.68874 2.03754
0.67392 0.03260 0.61319 0.70805
0.75555 0.31188 0.23236 1.12867
1.80815 0.93782 0.75523 3.30527
5.71649 0.14204 5.47803 5.86720
2.08508 0.05612 2.00833 2.18073
2.11594 0.13284 1.99085 2.34622
2.32567 0.09592 2.18208 2.43643
0.43140 0.20084 0.11051 0.74000
2.06596 0.11099 1.90983 2.23521
1.43869 0.06286 1.35836 1.51877
2.63709 0.09133 2.49424 2.75646
1.92155 0.11214 1.72144 2.04375
1.13722 0.05952 1.03279 1.20196
0.95829 0.44767 0.41096 1.63741
2.36060 0.35391 1.84486 2.75136
2.88099 0.14918 2.63384 3.07970
4.39519 1.06224 3.36353 6.10001
1.14258 0.32673 0.66749 1.51737
