# avg	std	min	max
2.64698 0.08234 2.53748 2.76714
1.57104 0.01760 1.55006 1.59696
1.69221 0.03417 1.64197 1.73507
0.00635 0.00934 0.00000 0.02405
0.97104 0.05445 0.93371 1.07795
-0.03686 0.04744 -0.08831 0.02810
0.92258 0.09080 0.77673 1.05848
0.87362 0.38051 0.34713 1.36302
4.33183 0.20543 4.02425 4.55071
2.02045 0.10961 1.91875 2.23233
1.92945 0.26562 1.64126 2.43091
1.76895 0.01874 1.74080 1.78963
0.80464 0.28807 0.24042 1.05636
0.07743 0.05001 0.02350 0.15680
1.24958 0.01877 1.22938 1.28128
1.95583 0.07025 1.81709 2.00480
1.10400 0.01936 1.08005 1.13548
0.70351 0.03195 0.65798 0.74674
0.65625 0.01653 0.63731 0.67734
1.35662 0.02780 1.31259 1.38666
1.55404 0.04759 1.47146 1.59384
2.80742 0.04101 2.75017 2.86711
0.71605 0.19313 0.39268 0.97005
