# avg	std	min	max
0.32656 0.00166 0.32394 0.32889
0.79121 0.00775 0.78066 0.79827
1.25041 0.19110 1.08877 1.49020
-0.00383 0.00306 -0.00559 0.00224
1.00055 0.00716 0.98734 1.00899
0.05242 0.07490 -0.09005 0.11851
-0.31225 0.02327 -0.33112 -0.26841
-0.11240 0.06277 -0.15350 0.01221
2.46548 0.45110 2.15901 3.35572
0.52105 0.08311 0.47077 0.68701
0.88411 0.10325 0.78499 1.01185
0.72003 0.00280 0.71533 0.72297
-0.23926 0.01421 -0.25481 -0.21436
-0.04448 0.00124 -0.04586 -0.04255
0.00468 0.01840 -0.01993 0.03661
0.60666 0.00208 0.60360 0.60915
0.57918 0.00209 0.57804 0.58336
0.09272 0.02630 0.07446 0.14315
-0.21887 0.08828 -0.31055 -0.05809
0.21862 0.00814 0.20896 0.23168
0.51927 0.02247 0.47867 0.54592
1.05079 0.03897 0.98756 1.10695
-0.72737 0.02224 -0.75611 -0.69507
