# avg	std	min	max
2.46268 0.04925 2.40368 2.54955
1.41707 0.03344 1.37749 1.47639
1.02720 0.06339 0.90756 1.07819
-0.03744 0.04962 -0.13571 -0.00342
0.18446 0.05942 0.12227 0.27187
0.18346 0.07547 0.03986 0.24813
0.07755 0.22122 -0.20612 0.38449
0.28314 0.05354 0.24157 0.38795
4.42291 0.07645 4.34654 4.56904
1.60424 0.04725 1.52435 1.65372
1.05927 0.08229 0.95818 1.14811
2.12423 0.12387 1.88210 2.21946
0.25571 0.23745 -0.03671 0.51327
1.37721 0.39468 0.75560 1.79362
1.00454 0.02701 0.98140 1.05722
1.91280 0.04567 1.85910 1.98839
1.52325 0.02267 1.50272 1.56419
0.72986 0.17792 0.57108 0.97792
1.00452 0.15862 0.70207 1.15091
1.50106 0.05444 1.43345 1.56198
1.92278 0.18467 1.58549 2.08026
2.76103 0.17690 2.53348 3.01363
-0.21914 0.46450 -0.79954 0.46477
