# avg	std	min	max
-0.04680 0.10690 -0.16267 0.13274
0.21529 0.02354 0.18286 0.24162
0.59055 0.03951 0.55804 0.66694
0.00072 0.00181 -0.00069 0.00430
0.28826 0.00184 0.28501 0.29014
-0.19281 0.02940 -0.22839 -0.14924
0.15785 0.00488 0.15008 0.16306
-0.20937 0.15588 -0.34475 0.01916
1.02067 0.09848 0.91399 1.20179
0.31197 0.04569 0.25361 0.36845
-0.45062 0.06326 -0.55868 -0.37602
0.76676 0.06846 0.68256 0.86357
0.17789 0.01682 0.16634 0.21109
-0.11649 0.04932 -0.18041 -0.06735
-0.22587 0.03874 -0.29556 -0.18844
0.80022 0.06988 0.68569 0.87313
0.67578 0.07619 0.59236 0.79660
-0.02217 0.07371 -0.10947 0.07189
-1.39913 0.51263 -2.01258 -0.75919
0.24811 0.08762 0.15880 0.40784
1.02929 0.05513 0.94960 1.10357
1.19544 0.04974 1.14427 1.28323
0.36814 0.07308 0.27277 0.47949
