# avg	std	min	max
3.41082 0.16337 3.19237 3.65900
2.16462 0.17019 1.92644 2.34667
2.55013 0.31587 1.92305 2.76710
-0.00555 0.00516 -0.01256 -0.00000
1.69442 0.13084 1.51932 1.82175
0.40246 0.02314 0.36997 0.43799
0.61301 0.19571 0.23494 0.76645
0.52158 0.44604 0.08035 1.19233
3.45377 0.04289 3.39127 3.49796
2.30138 0.10586 2.14360 2.43653
1.86765 0.10006 1.71183 2.02238
2.70955 0.05051 2.62451 2.76247
2.23248 1.15008 0.70701 3.24229
1.33989 0.96839 -0.13686 2.41319
1.35519 0.47260 0.79302 1.89149
3.74006 0.06046 3.62859 3.79345
3.69782 0.27333 3.15192 3.85599
2.04673 0.05302 1.96243 2.12458
1.89850 0.04261 1.83738 1.94604
2.73223 0.03790 2.66164 2.76589
4.61166 0.19944 4.22396 4.79257
4.87354 0.01375 4.85519 4.89652
6.98775 3.35232 0.86445 10.70710
