# avg	std	min	max
2.38208 0.02526 2.35308 2.42741
1.32716 0.01708 1.31323 1.34964
1.14796 0.02556 1.09996 1.16777
0.00288 0.00405 -0.00199 0.00886
0.34820 0.06356 0.24405 0.43192
-0.01761 0.05024 -0.11247 0.03058
-1.15882 0.04368 -1.21233 -1.09874
-0.94997 0.02213 -0.97752 -0.91071
3.58181 0.08421 3.48610 3.73676
1.46339 0.01224 1.45685 1.48786
1.82924 0.00066 1.82887 1.83055
1.87822 0.00182 1.87684 1.88137
-0.77650 0.11746 -0.90834 -0.61485
1.58500 0.00524 1.57869 1.59047
0.50869 0.12134 0.40769 0.73247
2.10973 0.00766 2.10436 2.12478
1.01334 0.03008 0.98030 1.04959
0.52393 0.04631 0.44798 0.59290
-1.31383 0.12752 -1.51154 -1.15475
0.27956 0.05320 0.21573 0.33961
1.67970 0.02398 1.64405 1.71383
2.57563 0.02920 2.54415 2.61371
0.70012 0.07102 0.61871 0.82981
