# avg	std	min	max
3.48077 0.05598 3.43599 3.58790
1.62615 0.06088 1.56432 1.72851
1.15039 0.08621 1.03932 1.27012
-0.02395 0.01864 -0.04333 0.00447
0.68290 0.02723 0.64272 0.72745
-0.02793 0.04615 -0.09305 0.02006
0.57646 0.02814 0.52028 0.59222
0.59132 0.12183 0.35003 0.68203
5.06280 0.18789 4.88760 5.39634
2.12662 0.02703 2.09834 2.16709
1.79003 0.05192 1.72257 1.85399
1.59337 0.07471 1.49558 1.71636
0.53098 0.08140 0.39331 0.63932
0.73721 0.02651 0.70992 0.78045
1.48855 0.05263 1.40496 1.56906
3.09572 0.04281 3.03409 3.13732
2.51341 0.06023 2.42810 2.57541
0.48618 0.07361 0.39176 0.58717
0.52596 0.46491 -0.24388 1.03009
1.64699 0.02869 1.59985 1.67984
4.58738 0.03566 4.51727 4.61423
5.20897 0.97947 4.64304 7.16169
0.41329 0.07357 0.30647 0.52633
