# avg	std	min	max
1.11370 0.00056 1.11329 1.11471
0.53854 0.00031 0.53829 0.53901
0.55279 0.00143 0.55159 0.55553
-0.00010 0.00000 -0.00010 -0.00010
0.05863 0.00137 0.05645 0.06000
-0.16629 0.02442 -0.18909 -0.12177
0.14676 0.00619 0.14320 0.15913
-1.18206 0.00143 -1.18364 -1.17964
-0.12816 0.02234 -0.15747 -0.09542
0.45881 0.01147 0.45031 0.48137
0.38907 0.00104 0.38797 0.39085
0.82950 0.00831 0.81416 0.83949
0.16250 0.00242 0.15923 0.16672
0.52377 0.00344 0.51766 0.52798
0.06846 0.00932 0.06177 0.08689
-0.38754 0.05170 -0.41490 -0.28417
0.07535 0.16573 -0.20051 0.24702
0.22511 0.01903 0.20954 0.26065
0.05320 0.14279 -0.06562 0.31818
0.68505 0.08404 0.52361 0.76697
0.00876 0.02224 -0.02164 0.03411
0.47706 0.02214 0.44308 0.50837
-0.42632 0.02301 -0.45298 -0.39120
