# avg	std	min	max
1.35557 0.00049 1.35469 1.35593
0.43012 0.00032 0.42964 0.43042
0.76620 0.00209 0.76315 0.76926
0.00181 0.00361 0.00000 0.00903
0.14637 0.00737 0.14083 0.16063
0.08485 0.00433 0.07858 0.08863
0.14638 0.00820 0.13827 0.16122
-0.15566 0.16272 -0.28631 0.16000
3.54145 0.24401 3.17319 3.78617
1.02251 0.00435 1.01633 1.02686
1.05720 0.00346 1.05462 1.06390
1.14778 0.00078 1.14643 1.14878
0.14158 0.00589 0.13467 0.15084
0.32502 0.00026 0.32461 0.32531
0.16981 0.01440 0.14161 0.18249
0.53442 0.00333 0.52994 0.54000
0.47116 0.00524 0.46374 0.48012
0.19399 0.02296 0.14951 0.21286
0.11060 0.06968 -0.02599 0.16048
0.58150 0.00696 0.57757 0.59541
0.58018 0.01209 0.56705 0.59822
0.71427 0.02016 0.69237 0.74162
-0.15677 0.01570 -0.17649 -0.13156
