# avg	std	min	max
3.28932 0.05298 3.22608 3.35069
1.91726 0.05565 1.86035 2.01832
1.10708 0.02296 1.06796 1.13929
0.01031 0.04884 -0.06938 0.06338
0.42904 0.02625 0.40156 0.47098
0.36356 0.15112 0.17799 0.55714
3.20392 0.20497 2.85505 3.45645
1.79029 0.08559 1.68475 1.87556
6.74917 0.05511 6.65360 6.80381
2.41104 0.03517 2.36952 2.46612
1.60972 0.03411 1.56707 1.65493
2.57986 0.02133 2.55917 2.61879
5.11658 1.11074 3.37768 6.22013
1.37345 0.04967 1.32729 1.46686
1.43454 0.08884 1.26160 1.50466
3.24469 0.10561 3.04209 3.34682
1.80933 0.06686 1.68876 1.87848
1.41011 0.21611 1.13680 1.60008
0.29408 0.19347 0.06998 0.57209
2.16497 0.48502 1.51765 2.68985
4.13958 0.05839 4.05283 4.21468
5.90753 0.57582 4.75749 6.22478
8.52136 0.99947 7.52626 10.10170
