# avg	std	min	max
2.75636 0.04568 2.70873 2.84050
1.79990 0.01589 1.76972 1.81697
1.43228 0.04983 1.36252 1.49292
-0.43416 0.33796 -0.93960 -0.03652
0.56768 0.03502 0.51423 0.61179
-0.02034 0.02157 -0.05317 0.00143
0.54882 0.05280 0.47965 0.63165
-0.40540 0.30860 -0.89923 -0.14695
6.62015 0.08697 6.54675 6.75685
2.09075 0.03111 2.05434 2.12759
1.42338 0.01419 1.40264 1.44685
1.55483 0.11242 1.37759 1.73044
0.33005 0.02720 0.28932 0.36097
1.92063 0.06518 1.85682 2.02688
1.08799 0.04965 1.01088 1.13478
3.20820 0.05149 3.16070 3.28840
2.71566 0.03326 2.67890 2.76233
0.76639 0.04867 0.71832 0.85815
0.87538 0.07355 0.77636 0.99259
2.00298 0.08082 1.87081 2.10732
4.31423 0.14789 4.10848 4.51236
4.39389 0.11719 4.24046 4.55639
0.50993 0.05943 0.41388 0.60029
