# avg	std	min	max
0.07928 0.05328 -0.02550 0.12235
0.01365 0.04920 -0.03548 0.10212
0.65437 0.04792 0.56557 0.71088
-0.00413 0.02477 -0.02693 0.04275
0.15113 0.01329 0.13474 0.17112
-0.06262 0.04636 -0.11699 0.01302
0.09293 0.06330 -0.02685 0.14903
-0.33040 0.05437 -0.42412 -0.25360
4.84814 0.07598 4.72634 4.92049
-1.66593 0.03167 -1.70854 -1.61790
-1.47265 0.07044 -1.55877 -1.39349
0.78125 0.07337 0.66211 0.86438
0.14616 0.04187 0.09292 0.20136
-0.11181 0.07773 -0.21051 0.00242
-0.26143 0.06723 -0.32936 -0.17143
0.02227 0.02108 -0.00475 0.05953
0.36210 0.06132 0.27398 0.42220
-0.28695 0.04395 -0.36056 -0.23871
-0.23126 0.08035 -0.36833 -0.13278
0.67036 0.04955 0.57418 0.71605
0.60213 0.05178 0.52976 0.66300
0.82017 0.08965 0.70859 0.96277
0.09903 0.23284 -0.21254 0.49444
