# avg	std	min	max
2.50540 0.01124 2.48848 2.52304
1.59387 0.00266 1.59167 1.59846
1.26688 0.01042 1.25622 1.28469
0.60753 0.18938 0.29227 0.80454
0.62180 0.00770 0.61480 0.63664
-0.03442 0.00694 -0.03909 -0.02119
1.04202 0.06799 0.93802 1.13845
0.49405 0.04675 0.43035 0.54894
2.80029 0.03653 2.74750 2.84184
2.22125 0.00008 2.22118 2.22135
2.38555 0.04937 2.34286 2.44624
1.50509 0.02579 1.46710 1.53526
1.27027 0.02230 1.24661 1.30564
1.86235 0.00166 1.86064 1.86452
1.16613 0.01477 1.14336 1.18587
2.37221 0.23267 1.91138 2.54163
1.96918 0.05086 1.88267 2.03263
0.63034 0.01863 0.61252 0.66367
0.72247 0.00421 0.71485 0.72697
1.78921 0.02172 1.77501 1.83229
2.15572 0.29554 1.77259 2.57464
2.00801 0.23875 1.54726 2.21682
1.08972 0.19911 0.90683 1.43697
