# avg	std	min	max
1.29409 0.02891 1.25811 1.32306
0.40016 0.13924 0.14332 0.51855
0.83363 0.05300 0.76759 0.90558
-0.26426 0.01095 -0.28124 -0.25077
0.08103 0.01668 0.06051 0.10179
-0.00367 0.03778 -0.05006 0.06416
0.37341 0.19467 0.18622 0.73489
0.06230 0.10425 -0.13479 0.15782
3.63007 0.08275 3.49553 3.73230
0.63426 0.06337 0.55398 0.73268
1.54600 0.03899 1.50431 1.60491
1.24032 0.06466 1.16169 1.33020
0.39842 0.10607 0.20967 0.49503
0.02177 0.14406 -0.15259 0.21230
0.43388 0.02333 0.39379 0.45803
2.56109 0.17956 2.20634 2.69910
2.28986 0.02547 2.24647 2.31664
-0.02470 0.03819 -0.07109 0.03080
-0.08717 0.03151 -0.13410 -0.04206
0.94359 0.04784 0.86566 1.00921
2.58492 0.10803 2.37031 2.65752
3.56097 0.49948 2.71748 4.11159
1.33063 0.10236 1.15106 1.42341
