# avg	std	min	max
1.24666 0.02030 1.21859 1.28094
0.32700 0.05734 0.22723 0.39206
0.55051 0.06099 0.43999 0.62700
-0.19796 0.04810 -0.26765 -0.14613
-0.05505 0.03092 -0.11522 -0.03442
0.00131 0.02060 -0.03273 0.03165
-0.36283 0.05261 -0.44000 -0.29641
-0.34080 0.02752 -0.37925 -0.31185
2.78603 0.07559 2.66688 2.87707
0.34083 0.04742 0.24943 0.37785
0.73189 0.06385 0.65202 0.80933
1.03788 0.04332 0.98268 1.08715
-0.20966 0.03527 -0.25960 -0.16750
-0.32042 0.13472 -0.55777 -0.14089
0.07029 0.04763 0.00986 0.14292
0.48549 0.21227 0.22787 0.75418
-0.09093 0.06554 -0.16750 0.02546
-0.07483 0.02759 -0.11138 -0.02614
-0.14073 0.03870 -0.18998 -0.07425
0.18609 0.04817 0.14131 0.25435
-0.11121 0.03771 -0.17900 -0.07799
1.09773 0.43243 0.73755 1.93773
0.26762 0.09650 0.11724 0.38671
