# avg	std	min	max
0.95173 0.12302 0.76183 1.09733
0.11532 0.10622 0.01636 0.26815
0.87153 0.14682 0.71424 1.05647
-0.02741 0.04682 -0.07098 0.05674
0.51549 0.09048 0.44161 0.67103
-0.04106 0.06771 -0.16756 0.02499
-0.40731 0.09330 -0.51346 -0.23958
-0.08318 0.07060 -0.19718 0.01167
3.48303 0.43317 3.01652 4.19364
0.54453 0.03517 0.51060 0.61229
0.87661 0.03025 0.83301 0.92244
0.75221 0.05808 0.69330 0.83266
-0.28872 0.05144 -0.38158 -0.23482
0.09851 0.04018 0.05482 0.16745
-0.07021 0.04803 -0.11057 0.02145
0.43163 0.10492 0.35000 0.61068
0.11103 0.07215 0.04745 0.22359
-0.46328 0.03186 -0.50513 -0.41435
-1.51968 0.09770 -1.63779 -1.39593
0.33969 0.05613 0.26759 0.41590
0.23980 0.07258 0.17659 0.37866
0.54354 0.06040 0.48854 0.65925
-0.63826 0.09184 -0.76514 -0.52090
