# avg	std	min	max
1.94753 0.03896 1.91244 2.01303
0.88940 0.01598 0.86204 0.90433
0.98098 0.04597 0.91284 1.03358
-0.05783 0.03241 -0.12118 -0.03166
0.21093 0.04703 0.12311 0.25403
0.00003 0.00006 0.00000 0.00014
0.23380 0.09505 0.14960 0.40977
-0.50450 0.05253 -0.58387 -0.42356
4.38081 0.65170 3.48797 5.15793
1.12115 0.08329 1.01012 1.21885
1.63499 0.09913 1.54587 1.81084
1.25806 0.02698 1.22463 1.30231
0.26363 0.10155 0.08997 0.39658
0.69186 0.06968 0.59820 0.81491
0.42105 0.08593 0.32061 0.54067
1.40626 0.05211 1.33472 1.47621
0.67544 0.01722 0.65733 0.70684
0.48776 0.05101 0.40463 0.53616
0.62251 0.14765 0.34462 0.78463
0.97667 0.10403 0.84703 1.12701
0.85357 0.06460 0.79561 0.96795
1.20980 0.09200 1.08800 1.34203
-0.01622 0.03220 -0.06713 0.03030
