# avg	std	min	max
0.01625 0.00443 0.00844 0.02067
0.13859 0.00385 0.13323 0.14399
0.26171 0.00842 0.25399 0.27784
0.25579 0.00843 0.24438 0.26774
0.45292 0.00411 0.44816 0.45878
-0.00072 0.00921 -0.01582 0.01213
0.18269 0.01477 0.16383 0.20571
0.19777 0.01320 0.18365 0.21528
2.67220 0.00329 2.66784 2.67519
-0.13530 0.00750 -0.14067 -0.12050
0.15600 0.00984 0.14024 0.17031
0.16662 0.00259 0.16420 0.17092
0.16587 0.00474 0.15926 0.17261
-0.66696 0.01528 -0.68612 -0.65017
-0.38664 0.00250 -0.38930 -0.38196
0.09974 0.00557 0.09382 0.10940
0.13440 0.00439 0.13009 0.14036
-0.63034 0.04129 -0.67400 -0.58016
-0.76845 0.01643 -0.80127 -0.75891
0.01315 0.00695 0.00500 0.02580
0.07596 0.02353 0.04461 0.11756
0.53465 0.02168 0.50010 0.55332
0.17617 0.01000 0.16936 0.19585
