# avg	std	min	max
0.68333 0.01826 0.65693 0.70892
0.65772 0.03711 0.62321 0.72367
0.76644 0.03944 0.72436 0.83967
0.21034 0.05118 0.15402 0.28756
0.36369 0.03840 0.30924 0.42844
0.00101 0.00549 -0.00294 0.01185
-0.09337 0.04206 -0.13386 -0.01558
-0.28969 0.07844 -0.40414 -0.15925
4.36477 0.08115 4.21954 4.47094
0.16420 0.06037 0.07312 0.24598
0.47555 0.05957 0.36051 0.52878
0.73192 0.04406 0.68850 0.80662
0.04543 0.04378 0.00556 0.13081
0.61816 0.23137 0.15935 0.77164
0.39845 0.04128 0.32004 0.43133
0.76603 0.05367 0.67307 0.81668
0.49029 0.03249 0.44825 0.52895
0.32130 0.05472 0.26526 0.40185
0.30950 0.12434 0.19907 0.47089
0.66747 0.05189 0.61990 0.74803
0.56833 0.03134 0.54628 0.62930
0.84124 0.11101 0.63110 0.93639
-0.04528 0.11691 -0.23902 0.08566
