# avg	std	min	max
2.30532 0.38204 1.88360 2.89977
0.67684 0.34120 0.37698 1.21642
0.09922 0.27594 -0.17014 0.62036
-0.79134 0.18083 -0.94450 -0.45995
-0.66876 0.34834 -1.04138 -0.06735
-0.57457 0.04491 -0.65589 -0.52796
0.05869 0.48716 -0.58572 0.79461
-0.59682 0.60320 -1.16820 0.26357
3.05538 0.17806 2.82688 3.31813
2.00730 0.27432 1.56566 2.36342
0.76933 0.35065 0.20111 1.18159
1.48124 0.24088 1.15496 1.75406
0.66359 1.50722 -0.40972 3.61155
-0.00568 0.01041 -0.01794 0.01155
0.35791 0.01302 0.34311 0.37654
1.68853 0.29131 1.26797 2.03486
-0.47411 0.45978 -1.00516 0.35005
-0.09847 0.06959 -0.16584 0.03420
0.18272 0.46481 -0.58021 0.81302
0.52027 0.26087 0.24234 0.89264
2.22509 0.40238 1.75373 2.69482
1.55347 0.42027 1.24048 2.38647
0.46263 0.98650 -0.71629 1.65808
