# avg	std	min	max
0.20447 0.00073 0.20306 0.20518
-0.02843 0.00025 -0.02881 -0.02819
0.31679 0.00020 0.31654 0.31705
-0.06492 0.07254 -0.20567 -0.00246
0.20212 0.00685 0.19057 0.20989
0.01750 0.01280 -0.00721 0.02772
0.08820 0.01265 0.07363 0.10422
-0.63652 0.10891 -0.74023 -0.42856
-1.12063 0.00793 -1.13624 -1.11466
0.07260 0.00335 0.07018 0.07921
0.38774 0.10348 0.30031 0.51456
0.29898 0.00464 0.29443 0.30768
0.06253 0.02285 0.04154 0.10384
0.00000 0.00000 0.00000 0.00000
-0.16695 0.14144 -0.24482 0.11568
-0.29907 0.01189 -0.31384 -0.28193
-0.54354 0.23490 -0.81636 -0.17903
-0.17218 0.01814 -0.20020 -0.14967
-0.25249 0.21980 -0.56824 0.07001
0.37547 0.01933 0.35405 0.40519
-0.11331 0.02209 -0.15554 -0.09399
0.51199 0.10514 0.38055 0.61950
-0.28348 0.03834 -0.35200 -0.23865
