# avg	std	min	max
1.09189 0.04731 1.04184 1.17670
0.19760 0.01545 0.18384 0.22036
0.51133 0.04654 0.46655 0.57908
-0.53804 0.06955 -0.65136 -0.45345
-0.25886 0.08627 -0.35585 -0.13438
-0.60219 0.07731 -0.70034 -0.46937
-0.46956 0.08841 -0.52718 -0.29556
-0.74440 0.27424 -1.20818 -0.46870
2.36976 0.12279 2.28860 2.61289
0.52624 0.00444 0.52125 0.53252
0.38955 0.03724 0.34174 0.45087
0.74661 0.09330 0.60190 0.84665
-0.48558 0.08363 -0.65264 -0.43658
0.00616 0.00777 -0.00031 0.02098
-0.36758 0.06129 -0.40591 -0.24585
0.50068 0.02691 0.47938 0.55271
0.12886 0.01604 0.10050 0.14550
-0.22023 0.06019 -0.33595 -0.16637
-0.44361 0.09188 -0.57149 -0.28984
0.19353 0.04192 0.11428 0.23932
0.36129 0.00422 0.35704 0.36804
0.25726 0.05256 0.19364 0.32974
-0.86489 0.04479 -0.93263 -0.80354
