# avg	std	min	max
0.67567 0.00093 0.67466 0.67722
0.21120 0.00012 0.21115 0.21143
0.68105 0.00451 0.67230 0.68521
-0.55333 0.14847 -0.71335 -0.32531
0.27893 0.00111 0.27759 0.28051
-0.06011 0.00717 -0.07015 -0.04793
-0.18483 0.01902 -0.19907 -0.14759
-0.19893 0.25597 -0.55080 0.02050
3.59447 0.15988 3.27646 3.70290
0.15201 0.00090 0.15057 0.15321
0.14604 0.00054 0.14561 0.14690
0.65213 0.00096 0.65120 0.65359
-0.19157 0.00404 -0.19690 -0.18534
-0.00325 0.00094 -0.00461 -0.00184
-0.06402 0.00921 -0.07788 -0.05482
0.32895 0.00127 0.32733 0.33106
0.02397 0.00904 0.01362 0.03659
-0.24273 0.00691 -0.24922 -0.23020
-0.11087 0.00633 -0.11799 -0.10087
0.18575 0.03103 0.12464 0.20735
0.29296 0.01230 0.26896 0.30237
0.54750 0.05122 0.47895 0.63682
-0.49627 0.11407 -0.66518 -0.38800
