# avg	std	min	max
0.82083 0.00000 0.82083 0.82083
0.12102 0.00023 0.12057 0.12114
0.67108 0.00020 0.67089 0.67132
-0.19198 0.03103 -0.22538 -0.14146
0.23106 0.01587 0.20215 0.24633
-0.23399 0.10982 -0.43718 -0.14364
-0.22215 0.00855 -0.23745 -0.21345
-0.45204 0.00386 -0.45482 -0.44440
3.25938 0.15657 3.06476 3.42182
-0.01136 0.00001 -0.01138 -0.01134
0.69214 0.00011 0.69205 0.69233
0.76636 0.00060 0.76583 0.76740
-0.17510 0.00501 -0.18120 -0.16906
0.00088 0.00201 -0.00055 0.00488
-0.07004 0.00727 -0.07950 -0.06150
0.48397 0.00168 0.48274 0.48726
0.23447 0.00130 0.23277 0.23610
-0.06160 0.03152 -0.09732 -0.01341
-0.50967 0.08643 -0.60272 -0.37175
0.28826 0.01952 0.25737 0.31289
0.35438 0.00691 0.34907 0.36705
0.48038 0.00409 0.47567 0.48546
-0.64608 0.02649 -0.69845 -0.62911
