# avg	std	min	max
1.69846 0.00058 1.69754 1.69898
1.14897 0.00622 1.14378 1.15695
0.97548 0.01657 0.95481 0.99376
0.02824 0.05448 -0.00636 0.13537
0.77279 0.01125 0.75038 0.77953
0.06494 0.05252 -0.01873 0.12590
-0.14963 0.03864 -0.21023 -0.10008
0.23263 0.07433 0.15452 0.36855
0.00234 0.00544 -0.00094 0.01320
1.16039 0.00034 1.15999 1.16100
1.09617 0.01560 1.07194 1.12036
1.39386 0.01543 1.36691 1.41209
0.74965 0.09649 0.61635 0.89707
1.36838 0.01301 1.34421 1.38084
0.77786 0.06465 0.69085 0.89221
0.91542 0.17975 0.76296 1.15569
0.26791 0.01850 0.23734 0.29148
0.52205 0.04533 0.46754 0.57998
0.51602 0.01858 0.49792 0.54711
1.29066 0.01413 1.27401 1.31207
1.01615 0.03926 0.96744 1.06386
1.01961 0.03105 0.98523 1.07279
1.06190 0.02564 1.01638 1.08770
