# avg	std	min	max
2.50400 0.00549 2.49683 2.50966
1.86794 0.00028 1.86770 1.86849
1.78298 0.00507 1.77897 1.79103
1.15897 0.35091 0.66869 1.47621
1.26597 0.00557 1.25568 1.27023
0.98939 0.06425 0.89974 1.08552
1.43351 0.05870 1.34261 1.49150
0.66242 0.03658 0.61859 0.70988
0.00095 0.00268 -0.00054 0.00629
2.32377 0.00086 2.32210 2.32454
2.00550 0.04633 1.97522 2.09778
1.96179 0.02091 1.91998 1.97259
1.63479 0.05748 1.55039 1.71002
2.08794 0.02579 2.05774 2.12933
1.42554 0.12115 1.25437 1.56793
1.78821 0.08455 1.72527 1.95555
1.48016 0.01163 1.46325 1.49895
1.17831 0.02372 1.14044 1.20963
1.26122 0.05387 1.19993 1.34571
2.39356 0.01297 2.38008 2.40976
1.69199 0.05030 1.62866 1.77279
2.01028 0.08971 1.88682 2.09341
1.59886 0.11187 1.40266 1.72776
