# avg	std	min	max
1.56162 0.00828 1.55399 1.57262
1.54496 0.00698 1.54134 1.55892
2.17844 0.00684 2.16859 2.18408
1.72106 0.01578 1.69009 1.73349
1.98528 0.00953 1.97354 1.99535
1.81069 0.02555 1.77359 1.85337
1.33056 0.05344 1.23690 1.38563
1.65590 0.12181 1.50171 1.77834
-0.00222 0.00168 -0.00406 0.00070
1.12036 0.00214 1.11767 1.12302
1.74266 0.00798 1.73287 1.75016
1.55923 0.00254 1.55507 1.56193
1.40276 0.04050 1.35756 1.45987
1.15523 0.09332 1.09438 1.34127
1.21210 0.05689 1.13767 1.30202
1.62655 0.03275 1.56380 1.65339
1.38589 0.01319 1.37140 1.40832
1.07842 0.04100 0.99786 1.10860
1.07612 0.10480 0.92554 1.19341
1.38291 0.00369 1.37573 1.38618
1.41867 0.02395 1.38786 1.44319
2.46758 0.15369 2.16143 2.55921
0.42838 0.10124 0.35173 0.62840
