# avg	std	min	max
2.41709 0.05453 2.35952 2.49320
2.11509 0.01512 2.08486 2.12279
2.06766 0.13468 1.96603 2.33197
2.03641 0.12330 1.87579 2.19396
1.41535 0.06942 1.35706 1.55115
1.85315 0.08938 1.74307 2.01603
2.26375 0.10145 2.07255 2.33952
2.17721 0.26779 1.65351 2.39126
-0.00524 0.00000 -0.00524 -0.00524
1.36971 0.00143 1.36895 1.37257
1.77813 0.00901 1.76033 1.78440
1.98203 0.00025 1.98174 1.98246
2.28217 0.11665 2.11777 2.40547
2.60268 0.02619 2.57273 2.64440
1.80010 0.10567 1.72711 2.01019
2.10923 0.08479 1.95988 2.19183
2.22763 0.02099 2.20877 2.26632
1.85059 0.01777 1.81948 1.87360
1.50424 0.07814 1.37334 1.60580
2.68110 0.03951 2.62135 2.72336
2.28540 0.08531 2.16692 2.42658
2.83313 0.21511 2.67574 3.24973
1.95686 0.12790 1.86014 2.20315
