# avg	std	min	max
0.17824 0.00000 0.17824 0.17824
0.15192 0.00000 0.15192 0.15192
0.36720 0.00017 0.36699 0.36741
0.08129 0.00215 0.07861 0.08410
0.39125 0.00007 0.39116 0.39133
0.16283 0.00190 0.15908 0.16434
0.01128 0.00267 0.00597 0.01302
-0.05568 0.01360 -0.06337 -0.02853
-0.00012 0.00011 -0.00019 0.00009
0.43271 0.00002 0.43269 0.43275
0.27517 0.00027 0.27498 0.27571
0.44729 0.00550 0.43629 0.45005
0.01154 0.00401 0.00874 0.01908
0.04376 0.00064 0.04334 0.04503
-0.09218 0.04417 -0.15485 -0.03125
-0.08008 0.00373 -0.08468 -0.07671
-0.42287 0.02046 -0.44000 -0.39762
0.11113 0.00855 0.09405 0.11600
0.32765 0.00349 0.32068 0.32967
0.25507 0.00293 0.25177 0.25944
0.53505 0.00497 0.52963 0.54159
0.44665 0.01554 0.42299 0.46649
-0.31120 0.00942 -0.31827 -0.29316
