# avg	std	min	max
1.13419 0.00047 1.13352 1.13476
0.91321 0.00073 0.91234 0.91429
1.01245 0.00085 1.01123 1.01366
0.86037 0.00115 0.85889 0.86182
1.08726 0.02953 1.05969 1.12334
0.96943 0.00647 0.96151 0.97510
0.82954 0.00160 0.82727 0.83204
0.96659 0.00073 0.96565 0.96740
-0.00041 0.00028 -0.00090 -0.00010
1.00090 0.00047 1.00017 1.00150
0.94162 0.03940 0.92116 1.02042
1.00250 0.00031 1.00213 1.00305
0.83483 0.00547 0.83010 0.84159
0.98893 0.00973 0.98119 1.00773
0.53054 0.07890 0.44216 0.67258
0.69006 0.00237 0.68770 0.69401
0.17269 0.04537 0.11887 0.22877
0.66989 0.03171 0.63040 0.71308
0.64971 0.02252 0.62208 0.67634
0.88472 0.00454 0.87737 0.88860
0.57938 0.19883 0.41104 0.96511
0.93863 0.02911 0.89022 0.96854
0.81611 0.00966 0.80378 0.82937
