# avg	std	min	max
0.44246 0.00028 0.44206 0.44290
0.27788 0.00079 0.27637 0.27859
0.50056 0.00958 0.48806 0.50994
0.20751 0.00780 0.20131 0.22088
0.38345 0.00064 0.38286 0.38434
-0.54448 0.02165 -0.57776 -0.52191
0.18990 0.01352 0.17832 0.20680
-0.69774 0.03241 -0.73844 -0.64141
-0.00022 0.00071 -0.00118 0.00100
0.42374 0.00019 0.42345 0.42397
0.38836 0.00117 0.38720 0.39033
-0.21410 0.32068 -0.41607 0.42497
0.36065 0.02198 0.31676 0.37261
-0.04929 0.20034 -0.44963 0.05757
-0.11113 0.01567 -0.12693 -0.08390
0.48180 0.00059 0.48131 0.48291
-0.03203 0.09646 -0.12084 0.14523
0.07094 0.07473 -0.07330 0.14431
-0.23123 0.01296 -0.25173 -0.21582
-0.42123 0.02066 -0.45382 -0.38899
0.41167 0.12938 0.23012 0.52474
0.36814 0.38957 -0.16867 0.69254
0.06237 0.02016 0.03820 0.09905
