# avg	std	min	max
0.37949 0.00031 0.37926 0.38001
0.35629 0.00015 0.35618 0.35656
0.55575 0.00195 0.55191 0.55731
0.23662 0.02461 0.19754 0.25792
0.46389 0.01646 0.43102 0.47373
0.37743 0.00259 0.37320 0.38045
0.34242 0.08260 0.18553 0.39922
0.44812 0.00324 0.44606 0.45452
-0.00071 0.00026 -0.00105 -0.00043
0.28142 0.05923 0.23098 0.35415
0.46161 0.00026 0.46121 0.46200
0.49969 0.00011 0.49954 0.49982
0.41107 0.00188 0.40876 0.41451
0.33093 0.00558 0.32352 0.33636
-0.06719 0.02719 -0.09679 -0.03335
0.45035 0.00017 0.45015 0.45062
-0.20322 0.01139 -0.21519 -0.18338
0.23135 0.08316 0.12561 0.34387
-0.06456 0.02313 -0.10538 -0.03343
0.49794 0.00166 0.49582 0.50055
0.38439 0.00599 0.37748 0.39512
0.56993 0.00984 0.55593 0.57984
0.23888 0.07395 0.15883 0.35255
