# avg	std	min	max
0.20096 0.00001 0.20096 0.20098
0.38012 0.00003 0.38008 0.38015
0.33351 0.00010 0.33332 0.33357
0.20382 0.00869 0.19317 0.21118
0.26873 0.00014 0.26851 0.26892
0.26685 0.01874 0.24065 0.29001
0.22981 0.01497 0.21892 0.25732
0.24034 0.00480 0.23497 0.24754
0.00006 0.00010 -0.00007 0.00021
0.47661 0.00910 0.46644 0.48735
0.22724 0.00014 0.22707 0.22746
0.40290 0.00987 0.38315 0.40784
0.22955 0.01010 0.21204 0.24158
0.01715 0.01133 0.00594 0.03338
0.03478 0.04733 -0.05345 0.07648
-0.11106 0.00601 -0.11600 -0.10369
-0.41621 0.03747 -0.44864 -0.36551
0.17522 0.01440 0.16356 0.19762
0.30748 0.00626 0.30046 0.31927
0.28796 0.01113 0.26858 0.30292
0.56130 0.00961 0.54851 0.57118
0.39123 0.00724 0.38209 0.39819
-0.13017 0.05070 -0.18747 -0.05065
