# avg	std	min	max
0.78817 0.00862 0.77977 0.80483
0.61801 0.00079 0.61678 0.61864
0.87928 0.00126 0.87743 0.88050
0.59688 0.06972 0.53226 0.68355
0.89281 0.00306 0.88715 0.89527
0.49775 0.00827 0.48134 0.50343
0.76745 0.04148 0.71750 0.81609
0.82060 0.00554 0.81307 0.83033
-0.00309 0.00000 -0.00309 -0.00309
0.95828 0.00646 0.95252 0.96926
0.79303 0.00047 0.79251 0.79372
1.03272 0.00189 1.03127 1.03600
0.77609 0.00913 0.77034 0.79428
0.47744 0.01532 0.44687 0.48634
0.61554 0.00123 0.61434 0.61790
0.02954 0.03466 -0.03399 0.06594
0.30145 0.03675 0.24534 0.35937
0.44307 0.01518 0.42647 0.46244
0.57271 0.00984 0.55907 0.58463
0.79264 0.04523 0.74008 0.85169
0.46054 0.00950 0.44922 0.47355
0.44657 0.00330 0.44400 0.45276
0.41590 0.02482 0.38551 0.44393
