# avg	std	min	max
1.89889 0.00000 1.89889 1.89889
0.25939 0.00000 0.25939 0.25939
0.31012 0.00003 0.31009 0.31017
0.41267 0.01085 0.40682 0.43435
0.41682 0.00074 0.41617 0.41799
0.31302 0.00053 0.31219 0.31370
1.94332 0.01165 1.93380 1.95773
0.21293 0.00175 0.21178 0.21640
0.00009 0.00031 -0.00020 0.00066
2.05764 0.00002 2.05762 2.05768
0.25304 0.00024 0.25284 0.25349
1.94759 0.01758 1.93457 1.98229
1.94467 0.00073 1.94401 1.94569
0.38726 0.00050 0.38694 0.38826
0.11738 0.01255 0.10694 0.13909
-0.03133 0.00030 -0.03178 -0.03092
1.43397 0.01714 1.40593 1.45864
0.28013 0.00325 0.27604 0.28307
0.22311 0.00859 0.20635 0.22930
1.98437 0.00495 1.97831 1.98900
1.81756 0.03284 1.75495 1.84457
0.20874 0.00475 0.20552 0.21817
1.37931 0.06453 1.29349 1.45998
