# avg	std	min	max
1.48843 0.00045 1.48793 1.48924
1.13406 0.00059 1.13336 1.13489
1.35217 0.00136 1.34984 1.35398
1.26835 0.00847 1.26244 1.28512
1.33571 0.00483 1.32632 1.33962
1.53654 0.00718 1.52783 1.54504
1.31460 0.00779 1.30321 1.32133
1.31825 0.06282 1.23061 1.37891
-0.00068 0.00105 -0.00251 0.00051
1.32109 0.00052 1.32022 1.32159
1.29885 0.00140 1.29643 1.30045
1.45432 0.00132 1.45268 1.45554
1.31495 0.00067 1.31430 1.31622
1.01135 0.10509 0.91608 1.15149
0.98177 0.10058 0.78206 1.04833
0.75335 0.00471 0.74469 0.75837
0.78104 0.01129 0.76956 0.79838
1.16516 0.02656 1.13403 1.20922
0.78077 0.31831 0.16936 1.03566
1.16174 0.00738 1.15544 1.17472
0.56909 0.00542 0.56416 0.57951
1.37719 0.00382 1.36960 1.37976
1.18672 0.00942 1.17994 1.20518
