# avg	std	min	max
0.98912 0.00692 0.97822 0.99996
0.75580 0.00477 0.75120 0.76445
0.90632 0.02587 0.86766 0.93923
0.65172 0.01599 0.64341 0.68370
1.06310 0.03305 1.00495 1.10016
0.57679 0.03568 0.53319 0.64057
0.22908 0.00364 0.22719 0.23636
0.35914 0.05847 0.24508 0.41130
-0.00074 0.00000 -0.00074 -0.00074
0.71041 0.00369 0.70449 0.71408
0.80082 0.01467 0.78282 0.81311
0.71680 0.00548 0.71073 0.72517
0.16995 0.00654 0.16208 0.17742
0.88826 0.00012 0.88810 0.88838
0.79415 0.01218 0.77228 0.80841
0.70645 0.00949 0.70144 0.72543
0.68436 0.02188 0.64540 0.71073
0.52918 0.01007 0.51824 0.54526
0.51205 0.01169 0.50139 0.52779
0.56324 0.00214 0.55947 0.56609
0.64180 0.00744 0.63467 0.65246
1.06809 0.08718 0.94946 1.18180
-0.45840 0.02486 -0.48667 -0.41292
