# avg	std	min	max
1.23461 0.00000 1.23461 1.23461
1.02876 0.00000 1.02876 1.02876
1.18182 0.02664 1.12941 1.19981
1.13323 0.13294 0.86933 1.22097
1.12109 0.02261 1.07702 1.13556
0.73112 0.02270 0.68589 0.74615
1.07270 0.13532 0.85806 1.22265
1.22835 0.00344 1.22150 1.23032
0.00050 0.00047 -0.00003 0.00121
0.84648 0.00014 0.84635 0.84674
0.97249 0.04694 0.89689 1.04299
1.21457 0.00467 1.20690 1.22165
1.15209 0.11827 1.00406 1.27369
1.09164 0.01693 1.07866 1.12188
0.83855 0.07613 0.75333 0.98176
1.00384 0.00464 0.99985 1.00959
0.54652 0.04242 0.47234 0.59727
0.85570 0.02011 0.81961 0.87777
0.92603 0.02587 0.88507 0.95143
1.34172 0.05194 1.28360 1.42023
0.97749 0.00287 0.97420 0.98122
1.06046 0.03592 0.99860 1.09340
0.50044 0.01516 0.48061 0.52613
