# avg	std	min	max
0.67341 0.00022 0.67316 0.67378
0.45615 0.00020 0.45583 0.45634
0.73848 0.00021 0.73810 0.73873
0.44616 0.01164 0.43511 0.46718
0.66785 0.00012 0.66770 0.66804
0.78363 0.00313 0.77750 0.78597
0.48988 0.00304 0.48708 0.49577
0.56475 0.00028 0.56423 0.56503
-0.00027 0.00019 -0.00053 0.00001
0.67752 0.00015 0.67734 0.67780
0.64433 0.00032 0.64389 0.64473
0.55190 0.00017 0.55165 0.55214
0.46610 0.00291 0.46055 0.46906
0.41204 0.00013 0.41192 0.41226
-0.00904 0.04753 -0.06791 0.06780
0.44331 0.00245 0.44091 0.44761
-0.21242 0.00777 -0.21792 -0.19711
0.36163 0.00308 0.35878 0.36729
0.51794 0.00239 0.51420 0.52148
0.50594 0.00035 0.50560 0.50660
0.75528 0.00295 0.75297 0.76077
0.81919 0.00385 0.81459 0.82615
0.39255 0.00938 0.37686 0.40276
