# avg	std	min	max
1.71772 0.00592 1.71025 1.72734
1.47369 0.00459 1.46845 1.48042
1.50181 0.13753 1.40472 1.75971
0.75377 0.28250 0.55348 1.31486
1.18732 0.07940 1.09238 1.29045
1.15881 0.09004 1.08634 1.33518
1.60326 0.04349 1.54404 1.65406
1.62679 0.20546 1.40896 1.99300
-0.00462 0.00454 -0.00837 0.00334
0.77408 0.12672 0.63621 0.92755
1.47999 0.17459 1.26236 1.69660
1.67562 0.07015 1.63405 1.81568
1.63418 0.07525 1.53870 1.69834
0.90993 0.19566 0.62817 1.10796
1.25649 0.10231 1.12446 1.43453
1.47362 0.11846 1.31428 1.64208
0.91696 0.02304 0.87756 0.94012
0.85546 0.00944 0.84174 0.86928
0.86791 0.10330 0.71954 1.04235
2.00848 0.04543 1.96348 2.07872
2.02240 0.10146 1.95085 2.21999
2.44774 0.19085 2.09278 2.66098
1.15635 0.06801 1.06291 1.27493
