# avg	std	min	max
2.09092 0.02176 2.05780 2.12041
1.70011 0.03949 1.62138 1.72375
2.23688 0.00014 2.23672 2.23707
1.28488 0.17221 1.03489 1.47037
1.16523 0.15976 0.97836 1.44769
1.41528 0.06935 1.33762 1.49753
1.60106 0.15936 1.37592 1.78314
0.57680 0.03579 0.53571 0.61930
-0.00251 0.00162 -0.00367 0.00065
1.91069 0.01386 1.89024 1.92741
2.20558 0.00558 2.20010 2.21532
2.30426 0.01043 2.28384 2.31096
1.63129 0.08202 1.54546 1.76421
1.95123 0.05680 1.86944 2.01343
1.27970 0.10176 1.16575 1.39585
2.02439 0.00799 2.01651 2.03576
1.38199 0.02337 1.35953 1.42295
1.22926 0.11460 1.04273 1.39076
1.21290 0.07961 1.07842 1.32337
2.11576 0.09760 1.92219 2.18060
1.85680 0.01115 1.84011 1.87432
2.42049 0.15204 2.16164 2.60740
1.05078 0.15853 0.89381 1.35026
