# avg	std	min	max
2.21866 0.00847 2.20515 2.23036
1.61762 0.01283 1.60698 1.64135
1.93292 0.00552 1.92810 1.93993
1.31884 0.05573 1.20763 1.35343
1.65705 0.00890 1.64992 1.67432
1.17647 0.02032 1.14453 1.20667
1.82024 0.00823 1.81588 1.83670
1.66963 0.01945 1.63443 1.69233
-0.00420 0.00297 -0.00713 0.00048
2.02477 0.00022 2.02457 2.02513
1.96724 0.00763 1.95883 1.97826
2.19126 0.00653 2.17820 2.19462
1.87060 0.01004 1.85176 1.88024
1.94212 0.00567 1.93275 1.94928
1.20489 0.00521 1.19936 1.21327
1.81772 0.00458 1.81025 1.82434
0.98634 0.00892 0.97532 0.99408
1.16676 0.03910 1.13278 1.23978
1.29381 0.02662 1.24591 1.31788
2.17467 0.00805 2.16477 2.18654
1.50177 0.00827 1.48936 1.51484
1.94131 0.01978 1.92365 1.97740
1.58945 0.02980 1.53503 1.62403
