# avg	std	min	max
1.80554 0.02186 1.76919 1.82877
1.18369 0.16839 0.84690 1.26804
1.17587 0.39439 0.57506 1.61221
0.85018 0.00512 0.84382 0.85787
1.03946 0.22280 0.91860 1.48488
0.97593 0.03151 0.91612 0.99920
0.65779 0.04278 0.58859 0.70865
0.41166 0.04222 0.34255 0.45813
0.00136 0.00132 -0.00000 0.00349
1.56951 0.14698 1.46071 1.85851
2.09876 0.00423 2.09308 2.10606
1.78673 0.21196 1.47826 1.99664
1.00952 0.32839 0.60063 1.27933
1.63202 0.01656 1.60092 1.65023
1.36968 0.03603 1.33731 1.43544
1.55157 0.00349 1.54687 1.55592
1.01567 0.05048 0.93691 1.08577
1.07325 0.03137 1.02332 1.11643
1.01842 0.00902 1.00500 1.03290
1.34143 0.19845 1.09790 1.50508
1.40556 0.00633 1.39721 1.41506
1.88722 0.00516 1.88387 1.89731
0.82153 0.23209 0.60674 1.10597
