# avg	std	min	max
1.53586 0.03721 1.49072 1.58294
1.15063 0.05024 1.05101 1.18120
1.30633 0.03014 1.24622 1.32410
0.77380 0.01234 0.75571 0.79210
0.91038 0.03526 0.84610 0.95451
0.83603 0.08960 0.67162 0.94343
1.12162 0.03153 1.07658 1.16023
0.44078 0.06590 0.35522 0.51463
-0.00101 0.00000 -0.00101 -0.00101
1.54563 0.21972 1.10619 1.65549
0.97919 0.27540 0.73620 1.31768
1.72100 0.14203 1.53816 1.83968
1.13942 0.02132 1.11446 1.16751
1.50531 0.06920 1.39783 1.58099
0.70167 0.03243 0.64118 0.73653
1.29239 0.03538 1.22262 1.32009
0.69284 0.03266 0.62828 0.71537
0.96518 0.03823 0.92382 1.02084
0.68837 0.11155 0.49406 0.79363
1.55066 0.02653 1.49871 1.56957
1.51816 0.02902 1.46286 1.54283
1.43674 0.04826 1.34027 1.46366
0.59037 0.02413 0.56216 0.62291
