# avg	std	min	max
1.71644 0.05392 1.67004 1.79308
1.19550 0.04883 1.14731 1.28974
1.09169 0.00142 1.08993 1.09426
0.49397 0.07755 0.39884 0.60564
0.42531 0.00320 0.42068 0.42904
0.29368 0.01621 0.26237 0.30915
0.75139 0.04507 0.68865 0.79969
-0.36391 0.11474 -0.46488 -0.15534
-0.00150 0.00216 -0.00532 0.00131
1.60612 0.07278 1.48308 1.69229
1.58945 0.00237 1.58580 1.59255
1.72781 0.03542 1.65700 1.74700
0.79572 0.03789 0.72627 0.84177
1.37166 0.09290 1.24305 1.47216
0.33416 0.00995 0.31430 0.34009
1.49716 0.09181 1.35791 1.57198
0.99515 0.09722 0.85625 1.13189
0.63973 0.02676 0.58643 0.65596
0.57000 0.02492 0.52671 0.60203
1.45968 0.10914 1.29975 1.59930
1.40637 0.08222 1.24930 1.47350
1.44388 0.07239 1.31225 1.50904
0.52743 0.00729 0.51452 0.53577
