# avg	std	min	max
0.68565 0.05417 0.58545 0.74284
0.63004 0.00842 0.62024 0.64270
0.96488 0.00309 0.96080 0.96896
0.68009 0.08827 0.55432 0.78824
0.74108 0.00494 0.73500 0.74573
0.68998 0.01644 0.65906 0.70682
0.53616 0.29852 0.16106 0.79735
0.83799 0.00205 0.83477 0.83977
-0.00086 0.00071 -0.00198 0.00007
0.66102 0.00085 0.66036 0.66267
0.92543 0.00047 0.92483 0.92610
0.76593 0.00075 0.76486 0.76708
0.53637 0.28584 0.15604 0.77026
0.72169 0.00074 0.72052 0.72269
0.21698 0.05335 0.11985 0.27673
0.77685 0.05440 0.72382 0.84345
0.00836 0.00825 -0.00581 0.01874
-0.00081 0.05147 -0.06388 0.08472
-0.04317 0.02462 -0.08384 -0.01402
0.61130 0.00707 0.59928 0.62027
0.81696 0.01801 0.79982 0.85015
1.30019 0.03452 1.23524 1.33871
0.74052 0.04343 0.70521 0.81947
