# avg	std	min	max
2.39430 0.08797 2.27405 2.48404
0.96276 0.07073 0.87561 1.09022
-0.33913 0.12957 -0.48394 -0.10504
-0.93224 0.35220 -1.20377 -0.23856
-0.77201 0.12550 -0.90256 -0.53426
0.28695 0.33221 -0.15617 0.86958
0.23372 0.15146 0.05036 0.50206
-0.60752 0.19280 -0.95118 -0.45183
3.70097 0.11158 3.55478 3.89019
1.25898 0.06391 1.16897 1.32380
0.35821 0.07182 0.24742 0.45149
1.41536 0.10677 1.26670 1.55814
-0.26540 0.24514 -0.65131 0.07642
0.56732 0.20877 0.34792 0.94343
-0.01839 0.00000 -0.01839 -0.01839
0.33130 0.08166 0.24440 0.48631
-1.43410 0.14778 -1.61482 -1.17878
-0.56624 0.15868 -0.71391 -0.27331
-0.08107 0.12021 -0.28573 0.08162
0.70407 0.17973 0.35377 0.82980
0.91392 0.59600 0.23551 1.93966
0.24627 0.26329 -0.12227 0.68461
-0.11775 0.12998 -0.28223 0.11408
