# avg	std	min	max
3.36052 0.13067 3.20100 3.56117
2.49446 0.15772 2.29037 2.75693
2.07133 0.24235 1.75752 2.35373
0.64224 0.32439 0.09664 0.96940
1.38700 0.16705 1.13778 1.60245
1.20773 0.14003 1.05662 1.44517
2.01855 0.28946 1.52156 2.30859
1.36918 0.22028 1.12457 1.68213
6.92268 0.25985 6.59815 7.32506
1.84812 0.31339 1.44429 2.31835
2.67635 0.39089 2.27451 3.15893
2.54634 0.08042 2.39833 2.63876
2.01816 0.44487 1.54368 2.69073
2.32181 0.19051 2.18486 2.69677
0.00362 0.00835 -0.00074 0.02031
2.81281 0.12247 2.66228 2.99320
1.76446 0.62212 0.82612 2.70509
1.74919 0.29920 1.34371 2.20951
-0.17959 0.33155 -0.43254 0.46320
2.75733 0.15228 2.59381 3.00845
2.43391 0.72318 1.16331 3.15764
2.90980 0.37801 2.25365 3.36769
1.63247 0.16287 1.38586 1.84145
