# avg	std	min	max
-0.47197 0.00320 -0.47359 -0.46558
0.37656 0.00050 0.37631 0.37755
1.53011 0.00277 1.52714 1.53491
0.04525 0.01696 0.01357 0.05893
2.96283 0.00390 2.95818 2.96759
0.21172 0.01849 0.18629 0.23834
-0.01160 0.00631 -0.02365 -0.00569
-0.08128 0.54645 -1.17350 0.22723
4.08358 0.42131 3.24116 4.31160
0.24502 0.00674 0.23677 0.25053
1.35387 0.13514 1.08360 1.42144
0.32893 0.00393 0.32695 0.33680
-0.04704 0.00408 -0.05010 -0.03925
-0.10144 0.00212 -0.10454 -0.09792
-0.01234 0.00394 -0.01431 -0.00447
0.10324 0.00469 0.09723 0.10985
0.06823 0.07989 -0.00495 0.19726
0.01252 0.00704 0.00357 0.02485
-0.00534 0.05954 -0.12408 0.02906
0.20579 0.00113 0.20483 0.20791
-0.23760 0.02001 -0.25230 -0.19850
0.42683 0.01635 0.40736 0.45316
-0.34493 0.00799 -0.35699 -0.33590
