# avg	std	min	max
0.70554 0.00382 0.70083 0.70920
-0.09756 0.00284 -0.10086 -0.09399
0.18550 0.04516 0.13867 0.26116
-0.27104 0.01179 -0.28282 -0.24949
-0.37730 0.03449 -0.43961 -0.34240
-0.51299 0.07473 -0.63270 -0.43632
-0.48708 0.02472 -0.50733 -0.43983
-0.68015 0.01105 -0.69055 -0.65896
2.46831 0.09470 2.33974 2.56081
-0.09039 0.04205 -0.11754 -0.00654
0.66312 0.02861 0.63982 0.71173
0.61520 0.02237 0.58491 0.63653
-0.48155 0.01134 -0.49297 -0.46019
-0.03497 0.02497 -0.06538 -0.00790
-0.00076 0.01489 -0.01192 0.02858
0.23340 0.03456 0.19811 0.28424
-0.06988 0.01561 -0.08447 -0.04864
-0.35715 0.05437 -0.43663 -0.28665
-0.85596 0.03197 -0.88566 -0.80320
0.11667 0.07940 0.01261 0.25532
0.02112 0.04097 -0.03793 0.07485
0.12549 0.08730 0.00072 0.20977
-0.69867 0.09773 -0.78695 -0.54113
