# avg	std	min	max
0.87429 0.14831 0.60110 0.99426
0.24006 0.05993 0.13196 0.29058
1.09193 0.04018 1.02781 1.14850
-0.12033 0.05495 -0.15664 -0.01111
0.56914 0.07313 0.43015 0.62838
0.02593 0.03458 -0.00833 0.09013
0.16108 0.04992 0.08570 0.22642
-0.41266 0.01730 -0.42879 -0.38361
3.37443 0.22439 3.10113 3.67148
0.24734 0.08367 0.09213 0.32448
0.65086 0.15188 0.41213 0.78541
1.00971 0.09629 0.83388 1.10115
0.06820 0.15255 -0.23377 0.18301
0.08582 0.16389 -0.12546 0.26873
-0.03976 0.02803 -0.07854 0.00455
1.01153 0.22648 0.63899 1.26171
1.06669 0.42729 0.54417 1.46590
-0.15468 0.08718 -0.22485 0.01340
-0.49051 0.05241 -0.55385 -0.40673
0.35102 0.05660 0.24180 0.39788
1.06757 0.38507 0.41775 1.46139
1.07998 0.38637 0.62342 1.79032
-0.07059 0.21125 -0.49105 0.05918
