# avg	std	min	max
1.03505 0.03808 0.99829 1.10426
0.22601 0.04162 0.19743 0.30845
0.43188 0.00834 0.41534 0.43771
-0.23680 0.09258 -0.41824 -0.15610
-0.14301 0.03098 -0.16463 -0.08140
-0.39941 0.03955 -0.47765 -0.37169
-0.04153 0.03251 -0.09225 0.00676
-0.42758 0.06004 -0.49206 -0.33250
2.91134 0.06768 2.78771 2.99534
0.19676 0.01212 0.17353 0.20740
0.90360 0.06737 0.76903 0.94254
0.85570 0.02932 0.82380 0.89817
-0.06257 0.04570 -0.13783 -0.01493
0.13748 0.04296 0.06105 0.19092
0.00015 0.00030 -0.00000 0.00076
0.62797 0.04684 0.53438 0.65358
0.16750 0.02861 0.12261 0.19508
-0.11494 0.03178 -0.16195 -0.07111
-0.31538 0.11087 -0.47258 -0.19905
0.40525 0.01487 0.38913 0.42659
0.30957 0.05861 0.19676 0.36861
0.42507 0.00811 0.41062 0.43318
-0.26264 0.14243 -0.47543 -0.08897
