# avg	std	min	max
1.47649 0.03761 1.41378 1.53203
0.49793 0.04041 0.46055 0.57226
0.27576 0.12543 0.12089 0.49488
-0.37197 0.04482 -0.44941 -0.31400
-0.32598 0.07366 -0.38946 -0.18165
-0.52121 0.03232 -0.56774 -0.46968
-0.12475 0.11271 -0.31165 0.04099
-0.69193 0.08190 -0.78997 -0.58661
3.01326 0.13602 2.77811 3.17781
1.12682 0.05605 1.04617 1.22220
0.85729 0.07029 0.75309 0.92267
1.11267 0.04378 1.04723 1.17398
-0.79622 0.08560 -0.89073 -0.65000
0.53804 0.14557 0.42607 0.81366
-0.03702 0.01546 -0.05988 -0.01274
0.88876 0.05158 0.80649 0.96944
0.51216 0.09963 0.42349 0.70603
0.00780 0.04780 -0.03939 0.07278
-0.03613 0.07856 -0.14854 0.06150
0.07318 0.12356 -0.09873 0.20120
0.77261 0.10566 0.64389 0.90774
0.76058 0.06692 0.65520 0.85154
-0.77262 0.06358 -0.84338 -0.69431
