# avg	std	min	max
0.84012 0.00054 0.83942 0.84095
0.50154 0.00127 0.49935 0.50335
1.54588 0.00113 1.54373 1.54686
0.32188 0.00369 0.31745 0.32828
1.06559 0.06205 1.00192 1.18023
0.32132 0.03154 0.26223 0.34852
0.09928 0.00180 0.09597 0.10125
-0.53303 0.14842 -0.70728 -0.29483
-0.73964 0.00748 -0.74780 -0.72792
0.32032 0.00074 0.31919 0.32154
1.31125 0.00235 1.30684 1.31368
0.47113 0.00302 0.46583 0.47365
-0.14258 0.16112 -0.34286 0.11144
-0.11161 0.00169 -0.11342 -0.10916
-0.00317 0.00000 -0.00317 -0.00317
0.09762 0.00214 0.09625 0.10179
0.88712 0.00668 0.87785 0.89449
-0.55464 0.08117 -0.65013 -0.42856
-0.69666 0.02410 -0.72508 -0.66495
0.28682 0.00077 0.28588 0.28787
0.62858 0.00943 0.62188 0.64692
1.44686 0.02222 1.40480 1.46887
-0.26136 0.19111 -0.47071 0.03281
