# avg	std	min	max
0.05536 0.00000 0.05536 0.05536
0.12899 0.00000 0.12899 0.12899
-0.06490 0.00254 -0.06703 -0.06178
-0.25986 0.00111 -0.26182 -0.25884
-0.28416 0.00045 -0.28461 -0.28336
0.04732 0.00149 0.04541 0.04980
-0.53518 0.00411 -0.53893 -0.52945
-0.24880 0.00730 -0.25654 -0.23508
-0.36650 0.00409 -0.37212 -0.36047
0.22284 0.00785 0.21160 0.23128
-0.11935 0.00003 -0.11940 -0.11931
-0.03822 0.00044 -0.03885 -0.03772
-0.52014 0.02039 -0.53600 -0.48132
-0.15813 0.00248 -0.16025 -0.15495
-0.00255 0.00071 -0.00290 -0.00113
-0.24416 0.02437 -0.27468 -0.20436
-0.12201 0.00560 -0.13174 -0.11465
-0.34130 0.01835 -0.36943 -0.31706
-0.53234 0.01805 -0.55538 -0.50122
-0.21114 0.00794 -0.22496 -0.20116
-0.06423 0.05374 -0.13115 0.00367
-0.12053 0.00614 -0.12676 -0.10929
-0.64592 0.17163 -0.85125 -0.38968
