# avg	std	min	max
0.54860 0.00000 0.54860 0.54860
0.44082 0.00293 0.43936 0.44668
0.36207 0.00008 0.36202 0.36222
0.18208 0.00639 0.16934 0.18608
0.21020 0.00049 0.20969 0.21106
0.14633 0.00413 0.14016 0.15075
-0.09611 0.00278 -0.09917 -0.09088
0.17896 0.00832 0.16436 0.18949
0.58901 0.05286 0.53621 0.68882
0.25871 0.00041 0.25815 0.25933
0.17956 0.00303 0.17682 0.18543
0.24683 0.00396 0.24372 0.25418
0.02043 0.00174 0.01719 0.02235
0.02200 0.00118 0.02111 0.02426
-0.00216 0.00000 -0.00216 -0.00216
0.20048 0.00576 0.19333 0.20932
0.20202 0.00309 0.19906 0.20724
0.00523 0.02489 -0.02425 0.04226
-0.17936 0.05637 -0.26931 -0.11824
0.49865 0.01781 0.47722 0.52254
0.41300 0.00117 0.41108 0.41470
0.30157 0.00510 0.29333 0.30900
-0.44653 0.03344 -0.47869 -0.38251
