# avg	std	min	max
1.05496 0.00000 1.05496 1.05496
-0.11653 0.00000 -0.11653 -0.11653
0.07971 0.00013 0.07958 0.07994
0.22164 0.18113 0.07304 0.46273
0.20414 0.04953 0.14948 0.26704
0.16438 0.04970 0.08540 0.24220
1.14074 0.11421 1.00302 1.33120
-0.61656 0.53172 -1.66237 -0.27463
0.76334 0.18855 0.57435 0.99968
1.42791 0.00004 1.42786 1.42796
-0.07677 0.00002 -0.07679 -0.07674
1.41615 0.00022 1.41593 1.41652
1.31167 0.10686 1.20387 1.50618
0.14054 0.01214 0.13003 0.16005
0.00127 0.00254 0.00000 0.00635
-0.55239 0.00025 -0.55282 -0.55213
1.06997 0.00233 1.06737 1.07345
0.10666 0.00300 0.10238 0.11176
0.06967 0.00775 0.06015 0.08150
1.34754 0.05793 1.26275 1.43212
0.89394 0.00116 0.89245 0.89535
-0.44906 0.00716 -0.45403 -0.43546
0.16701 0.07269 0.07949 0.29175
