# avg	std	min	max
0.17720 0.00000 0.17720 0.17720
0.03731 0.00000 0.03731 0.03731
0.01821 0.00005 0.01816 0.01829
-0.16445 0.00039 -0.16483 -0.16384
0.16951 0.00086 0.16871 0.17118
-0.08724 0.05331 -0.14215 0.00503
-0.07287 0.06375 -0.19489 -0.02154
-0.74243 0.05432 -0.77990 -0.63509
-0.23481 0.01861 -0.24900 -0.19917
0.09769 0.00005 0.09762 0.09777
-0.06889 0.00112 -0.06994 -0.06696
0.12596 0.00011 0.12584 0.12613
-0.06663 0.05194 -0.14642 0.01716
-0.01251 0.00933 -0.02069 -0.00110
-0.00035 0.00029 -0.00076 0.00014
-0.39119 0.00352 -0.39531 -0.38638
-0.21307 0.00497 -0.21795 -0.20382
-0.01083 0.02143 -0.04975 0.00799
0.14167 0.04610 0.09175 0.21518
0.22642 0.01232 0.20878 0.24394
-0.35595 0.01622 -0.37113 -0.32617
-0.34368 0.00317 -0.34687 -0.33787
-0.78336 0.06647 -0.86816 -0.71000
