# avg	std	min	max
2.24243 0.00590 2.23638 2.25001
0.49125 0.00395 0.48844 0.49905
0.26326 0.00980 0.24686 0.27187
-0.04980 0.00120 -0.05122 -0.04823
0.13690 0.00215 0.13455 0.14012
-0.04504 0.01284 -0.06081 -0.03303
-0.45209 0.02988 -0.50864 -0.42242
-0.97154 0.05253 -1.02833 -0.89201
1.75272 0.00932 1.74244 1.76917
0.16143 0.00482 0.15641 0.16849
0.18740 0.00169 0.18529 0.18984
0.05679 0.00448 0.04876 0.06108
-0.29804 0.03557 -0.34443 -0.25584
0.06802 0.00673 0.05909 0.07909
-0.00152 0.00046 -0.00243 -0.00118
0.34842 0.00522 0.34480 0.35879
0.21586 0.00477 0.20880 0.22217
-0.53037 0.00629 -0.54241 -0.52531
-0.88876 0.03352 -0.94744 -0.85063
0.08860 0.00486 0.08358 0.09613
0.70561 0.00723 0.69564 0.71240
0.34098 0.01014 0.32792 0.35907
0.06782 0.00378 0.06348 0.07326
