# avg	std	min	max
0.28257 0.00000 0.28257 0.28257
0.51166 0.00000 0.51166 0.51166
0.69534 0.00014 0.69517 0.69553
0.74274 0.00282 0.73844 0.74586
0.93354 0.00002 0.93352 0.93357
0.36365 0.01262 0.34946 0.38048
0.18589 0.14216 0.04263 0.36795
0.44312 0.02060 0.40764 0.46990
1.90299 0.22700 1.72630 2.32781
0.44330 0.00991 0.42477 0.45403
0.56562 0.00005 0.56558 0.56571
0.59955 0.00013 0.59945 0.59979
0.02482 0.27398 -0.30547 0.46241
0.29702 0.00008 0.29692 0.29717
-0.01369 0.00000 -0.01369 -0.01369
0.82044 0.00697 0.81254 0.83070
0.94707 0.01136 0.93614 0.96438
0.07632 0.02155 0.04214 0.10599
-0.36896 0.02133 -0.39944 -0.33889
0.37304 0.01267 0.35794 0.38803
0.94996 0.06697 0.88960 1.04979
1.18701 0.05872 1.08103 1.25109
0.85084 0.03388 0.80335 0.88853
