# avg	std	min	max
0.20877 0.00000 0.20877 0.20877
0.30906 0.00000 0.30906 0.30906
0.68474 0.00212 0.68181 0.68795
0.36173 0.00048 0.36132 0.36266
0.92862 0.06248 0.89425 1.05350
0.45993 0.01160 0.44246 0.47770
0.12718 0.00616 0.12108 0.13674
1.86995 0.18118 1.50806 1.97040
2.62716 0.11056 2.51169 2.82088
0.55090 0.09669 0.41923 0.66109
0.60460 0.00158 0.60258 0.60666
2.09952 0.00009 2.09942 2.09965
0.13964 0.02709 0.10208 0.17796
0.12489 0.15229 -0.16984 0.24246
-0.01120 0.00092 -0.01166 -0.00935
-0.23331 0.00765 -0.24446 -0.22479
0.05888 0.07899 -0.07458 0.14185
-0.13152 0.10629 -0.34362 -0.07181
-0.23132 0.05986 -0.31508 -0.13639
0.08882 0.00158 0.08605 0.09067
0.66953 0.04271 0.62150 0.74287
0.98867 0.06731 0.87923 1.07928
0.56426 0.04433 0.49886 0.61078
