# avg	std	min	max
-1.82399 0.19588 -2.11747 -1.53527
0.40317 0.11991 0.33885 0.64292
2.31622 0.15363 2.03745 2.50994
-0.08016 0.22600 -0.20467 0.37151
1.80756 0.06076 1.72958 1.90573
0.14352 0.15451 -0.00148 0.37138
-0.36065 0.22472 -0.62580 -0.09291
-0.31207 0.11427 -0.50393 -0.18804
5.67812 0.19374 5.46248 5.92578
0.64704 0.15579 0.38389 0.78033
1.67048 0.13836 1.49924 1.83917
0.15464 0.09985 0.10434 0.35434
-0.36147 0.21088 -0.53549 0.03439
0.20816 0.13732 0.13812 0.48276
-0.08393 0.15430 -0.27261 0.11362
-0.98094 0.16053 -1.11375 -0.71370
0.38392 0.15262 0.19877 0.60493
-0.36964 0.01395 -0.38099 -0.34724
-0.52340 0.12759 -0.59136 -0.26837
0.19604 0.14570 -0.00989 0.43563
0.47882 0.16708 0.32699 0.78921
0.59847 0.11917 0.37494 0.72403
-0.17789 0.20654 -0.41140 0.18923
