# avg	std	min	max
0.50189 0.02280 0.47469 0.53083
-0.03837 0.16760 -0.35939 0.13370
-0.42888 0.03173 -0.48553 -0.40099
-0.82145 0.03130 -0.85463 -0.76656
-1.02759 0.06214 -1.12972 -0.95668
-0.39583 0.11896 -0.50073 -0.22605
-0.90364 0.00844 -0.91379 -0.89116
-0.92565 0.21947 -1.27522 -0.59619
1.61813 0.12467 1.50239 1.86043
-0.02778 0.00047 -0.02833 -0.02713
-0.30158 0.00316 -0.30764 -0.29847
0.17079 0.00071 0.16990 0.17149
-0.71005 0.01202 -0.71972 -0.68846
-0.84859 0.00411 -0.85501 -0.84201
-0.00000 0.00000 -0.00000 -0.00000
-1.68533 0.00147 -1.68746 -1.68319
-1.07604 0.04021 -1.10813 -1.01183
-0.41465 0.02104 -0.44799 -0.39222
-0.58644 0.17584 -0.75448 -0.26011
-0.15386 0.11417 -0.30034 -0.01132
-0.72176 0.03347 -0.76557 -0.68458
-0.18579 0.01003 -0.19649 -0.16817
-1.21228 0.03897 -1.27570 -1.15531
