# avg	std	min	max
0.59797 0.11689 0.44675 0.76185
0.14518 0.06086 0.11007 0.26666
0.92232 0.03243 0.90074 0.98533
0.10014 0.02074 0.08451 0.14070
0.57146 0.08013 0.52286 0.73128
0.13478 0.10755 0.04586 0.33967
0.46876 0.06338 0.43435 0.59540
-0.22786 0.23968 -0.59746 0.11567
0.19802 0.47672 -0.40089 1.06565
0.79582 0.00655 0.78754 0.80238
1.08614 0.02636 1.05653 1.12528
0.85993 0.00967 0.84385 0.86964
0.42386 0.01281 0.41024 0.44670
0.60371 0.02247 0.58034 0.64186
-0.02355 0.04326 -0.10991 -0.00032
0.51890 0.06934 0.47419 0.65615
0.36016 0.06240 0.29791 0.48038
0.02145 0.05625 -0.02490 0.13223
-1.00531 0.90927 -2.36631 0.09740
0.55817 0.03391 0.53149 0.62008
0.72138 0.08937 0.62721 0.83146
0.82301 0.05306 0.76586 0.91888
0.30234 0.02494 0.26473 0.33574
