# avg	std	min	max
0.11249 0.00057 0.11220 0.11362
0.03201 0.00000 0.03201 0.03201
0.70733 0.00187 0.70623 0.71107
0.10541 0.00012 0.10522 0.10558
0.63022 0.01147 0.62237 0.65305
-0.03531 0.04893 -0.06182 0.06249
0.02659 0.01480 0.01277 0.05083
-0.00924 0.02400 -0.03274 0.02209
-0.26837 0.00777 -0.27243 -0.25284
0.23618 0.00773 0.22700 0.24903
0.59508 0.00834 0.58901 0.61114
0.19405 0.00530 0.19137 0.20465
0.00942 0.00648 0.00390 0.02135
0.04511 0.01172 0.02245 0.05505
-0.01887 0.00505 -0.02530 -0.01369
-0.01449 0.00732 -0.02397 -0.00552
0.36251 0.00178 0.36029 0.36506
-0.36346 0.03383 -0.39872 -0.31202
-0.23096 0.20920 -0.61145 0.02399
0.22050 0.00830 0.20772 0.23187
0.47574 0.00347 0.47185 0.48060
0.88325 0.00492 0.87438 0.88770
-0.05831 0.01757 -0.07844 -0.03082
