# avg	std	min	max
0.82866 0.00120 0.82749 0.83022
0.07465 0.00370 0.07031 0.08032
1.00056 0.00588 0.99725 1.01228
-0.07382 0.01777 -0.10148 -0.05100
0.42390 0.01032 0.41420 0.44187
0.19426 0.03452 0.14539 0.22368
-0.12851 0.00953 -0.14237 -0.11712
-0.02560 0.14343 -0.23183 0.10347
2.18192 0.02348 2.15365 2.22353
-0.25951 0.00281 -0.26206 -0.25470
0.32464 0.00417 0.32014 0.33015
0.61810 0.00929 0.61020 0.63518
-0.05643 0.00861 -0.06617 -0.04202
-0.31184 0.06871 -0.40302 -0.22699
-0.04670 0.00000 -0.04670 -0.04670
0.75787 0.00333 0.75273 0.76179
0.42611 0.01008 0.41514 0.44249
-0.43267 0.04523 -0.49345 -0.37810
-0.57015 0.00784 -0.58386 -0.56111
-0.18373 0.00750 -0.19362 -0.17402
0.71172 0.03515 0.64450 0.74273
1.51881 0.12833 1.40658 1.75431
0.39849 0.23169 0.09217 0.59900
