# avg	std	min	max
1.43096 0.01391 1.41411 1.45382
0.61093 0.02075 0.57017 0.62627
1.19454 0.17898 0.83725 1.30340
-0.12698 0.04877 -0.20181 -0.08312
0.49961 0.23884 0.20113 0.71030
-0.18070 0.10112 -0.34007 -0.08694
-0.01358 0.00890 -0.02492 -0.00551
-0.07749 0.12554 -0.20877 0.14018
3.20234 0.04669 3.16716 3.29470
0.62701 0.00557 0.61955 0.63531
1.21262 0.03763 1.16306 1.27660
1.36772 0.02112 1.34876 1.39479
0.05625 0.01469 0.02691 0.06505
0.35052 0.02704 0.31321 0.37981
-0.00040 0.00000 -0.00040 -0.00040
0.86824 0.00652 0.85983 0.87521
0.54999 0.01523 0.52103 0.56415
0.15963 0.03515 0.11184 0.22118
-0.03884 0.02748 -0.07296 0.00356
0.67471 0.05372 0.57430 0.72624
0.73404 0.00998 0.72719 0.75379
0.55043 0.01429 0.53324 0.57205
-0.28347 0.02198 -0.30682 -0.25585
