# avg	std	min	max
2.42206 0.06863 2.34709 2.54741
1.25003 0.02917 1.21049 1.29980
1.04381 0.02471 1.00722 1.07769
0.00987 0.29994 -0.37520 0.29600
0.39839 0.01010 0.39034 0.41658
-0.00049 0.14796 -0.27395 0.16813
0.36080 0.10753 0.27885 0.56874
0.58204 0.36767 0.03406 0.97653
2.74607 0.02779 2.71160 2.79667
2.15093 0.00757 2.13999 2.15897
1.54454 0.02580 1.51238 1.59021
1.82502 0.02522 1.78410 1.86347
0.37384 0.09537 0.24641 0.48011
1.59535 0.01563 1.56923 1.60864
-0.01441 0.00029 -0.01498 -0.01427
1.37205 0.01810 1.34375 1.39268
-0.58725 0.00368 -0.59334 -0.58219
0.50680 0.02816 0.48081 0.55899
0.68127 0.03656 0.63248 0.72357
1.16579 0.03257 1.13100 1.21785
-0.77157 0.01451 -0.78544 -0.74420
-1.10044 0.04862 -1.13596 -1.00990
0.01301 0.30003 -0.20319 0.60455
