# avg	std	min	max
3.44746 0.27169 3.07157 3.71634
2.14329 0.41416 1.59966 2.82627
2.24919 0.33187 1.65590 2.52495
1.26322 0.06133 1.16576 1.34357
1.31672 0.33095 0.66123 1.53280
1.32451 0.37467 0.86909 1.73023
1.93276 0.20827 1.54495 2.16385
1.97078 0.73281 1.04932 2.72971
5.41548 0.30092 4.86384 5.66231
2.30265 0.91087 0.57485 2.99242
1.88138 0.31253 1.54892 2.37923
2.73852 0.46315 2.05202 3.13335
2.20526 0.28802 1.70527 2.57787
1.93461 0.37772 1.42691 2.34336
1.83810 0.32630 1.23323 2.09276
2.95613 0.56473 1.89985 3.47211
2.34839 0.18671 2.08067 2.57811
0.80770 0.03654 0.77007 0.86827
-0.01111 0.00000 -0.01111 -0.01111
1.58844 0.52682 0.93980 2.07327
2.49485 0.43235 1.98668 3.16311
3.78207 1.07279 1.66080 4.58663
1.99669 0.12229 1.84436 2.19079
