# avg	std	min	max
1.12710 0.04261 1.06062 1.16277
0.22334 0.08574 0.11092 0.36821
0.35246 0.01398 0.33181 0.37182
-0.19171 0.05311 -0.25563 -0.11335
-0.24744 0.10225 -0.38916 -0.10491
-0.10638 0.18460 -0.38308 0.10978
0.11079 0.12550 -0.02744 0.30911
0.38454 0.09838 0.25715 0.48949
3.03293 0.05389 2.94026 3.10361
0.33253 0.13736 0.17323 0.52915
0.88657 0.10492 0.68155 0.96738
0.98685 0.03993 0.92085 1.04497
0.09949 0.05661 0.01197 0.18314
0.76262 0.05607 0.68083 0.85291
-0.42559 0.04849 -0.48229 -0.36120
0.64155 0.08055 0.54011 0.78737
0.26287 0.11338 0.12465 0.41746
0.16815 0.06080 0.08757 0.25587
-0.04056 0.05764 -0.13862 0.01370
0.50345 0.02884 0.47989 0.55912
0.51862 0.05399 0.45146 0.58547
0.39538 0.04060 0.32975 0.45543
-0.64517 0.15249 -0.83368 -0.42898
