# avg	std	min	max
2.67333 0.09638 2.56027 2.78356
1.86971 0.02515 1.85230 1.91946
2.13304 0.02241 2.10044 2.16788
1.20149 0.06990 1.11867 1.32972
1.80955 0.06665 1.75657 1.94075
1.02507 0.04764 0.99086 1.11716
1.30599 0.01449 1.28133 1.32206
1.61857 0.03582 1.57076 1.66211
3.77347 0.26617 3.48015 4.20451
1.87998 0.04476 1.80237 1.93889
1.60898 0.02054 1.59425 1.64943
2.24202 0.06079 2.15522 2.33198
1.35961 0.02216 1.33419 1.39133
2.09071 0.03163 2.05818 2.14684
1.32958 0.01439 1.31504 1.35275
2.39817 0.04667 2.34115 2.44728
1.79872 0.04765 1.73091 1.86247
1.37436 0.03254 1.32921 1.41302
-0.03142 0.00000 -0.03142 -0.03142
2.31942 0.02846 2.28876 2.37051
2.18885 0.04662 2.13372 2.25250
2.53930 0.08510 2.45017 2.69375
1.08450 0.02114 1.06055 1.11669
