# avg	std	min	max
0.80350 0.04276 0.72907 0.84602
0.20490 0.05218 0.11811 0.27284
1.71479 0.05968 1.62583 1.78178
-0.06669 0.10970 -0.21883 0.04019
1.20618 0.02377 1.16963 1.23727
0.26866 0.00971 0.25137 0.28017
-0.25116 0.06021 -0.34173 -0.15824
0.79510 0.12753 0.71419 1.04940
2.50550 0.04856 2.42078 2.55926
0.08707 0.06587 -0.03617 0.16190
1.55006 0.07332 1.48471 1.65173
1.20355 0.60436 0.86800 2.41129
-0.06447 1.12419 -0.63750 2.18383
0.72872 0.03856 0.68076 0.79722
0.38763 0.02941 0.34991 0.42805
1.21102 0.14526 0.96067 1.37717
0.37796 0.08002 0.22670 0.44636
0.11253 0.15887 -0.09993 0.35496
-0.04324 0.02412 -0.08598 -0.01825
1.07402 0.10465 0.94695 1.25676
0.62814 0.06887 0.49391 0.68081
1.56492 0.02468 1.53922 1.60968
0.43929 0.05341 0.35554 0.50837
