# avg	std	min	max
1.11649 0.17203 0.96185 1.37073
0.28251 0.21897 0.09956 0.55607
0.67721 0.00837 0.66993 0.69244
0.25078 0.20038 -0.02670 0.44619
0.43316 0.24896 0.29586 0.93068
-0.16888 0.17819 -0.40071 0.09701
0.22958 0.22477 -0.06804 0.48878
0.03401 0.21406 -0.22621 0.31467
2.71520 0.29026 2.25038 3.10454
0.35110 0.19434 0.11470 0.58167
0.80027 0.18120 0.55007 0.98060
0.86337 0.02136 0.83766 0.90174
0.27243 0.24378 0.06625 0.60404
0.08866 0.01842 0.06774 0.11464
0.07069 0.21531 -0.19925 0.25710
0.64726 0.15037 0.52923 0.90305
0.27125 0.05670 0.21007 0.34297
0.15447 0.12473 0.06651 0.39276
-0.02484 0.05234 -0.11390 0.04390
0.37159 0.17714 0.21295 0.59271
0.42572 0.07317 0.34416 0.55212
0.72678 0.19535 0.53081 0.99572
-0.21202 0.25868 -0.52467 0.13222
