# avg	std	min	max
2.12814 0.30287 1.68876 2.46634
1.30696 0.18498 1.06479 1.51940
2.65340 0.31455 2.05037 2.91516
0.53246 0.21761 0.37382 0.95779
1.89797 0.25271 1.49208 2.21111
0.76643 0.19762 0.51138 1.06454
0.67806 0.30164 0.46307 1.24394
0.60812 0.30581 0.20917 1.05163
2.88342 0.36562 2.32128 3.41643
1.11595 0.19256 0.84839 1.33550
1.78419 0.24772 1.38676 1.99831
1.68662 0.17951 1.48963 2.02292
0.91054 0.07759 0.82778 1.05361
1.10457 0.28149 0.86596 1.59967
1.03441 0.48815 0.46978 1.79818
1.50774 0.28873 1.27969 2.02784
1.06960 0.23857 0.86971 1.47679
0.44751 0.13975 0.25969 0.61969
0.02284 0.08423 -0.12180 0.13138
1.42857 0.15278 1.19100 1.62241
1.35926 0.23888 1.12112 1.73329
2.06369 0.32779 1.59844 2.44441
0.28316 0.23523 -0.06506 0.67088
