# avg	std	min	max
3.53086 0.05460 3.44158 3.59529
2.59372 0.12646 2.38660 2.75803
3.93293 0.22752 3.75593 4.38243
3.36548 0.18852 3.09941 3.63456
3.21896 0.19416 2.94464 3.41673
2.33489 0.08837 2.23806 2.44540
8.59223 1.28793 6.86110 9.78395
8.38083 0.45645 7.69823 9.04489
5.43746 0.07888 5.33265 5.56453
3.03749 0.08876 2.89497 3.15273
3.48286 0.09223 3.36726 3.64388
3.07617 0.07099 3.00615 3.20542
7.32748 2.19635 4.02275 10.23560
2.99379 0.11230 2.81589 3.15349
2.84021 0.07940 2.76467 2.95495
5.06527 0.06020 4.97844 5.14929
4.52383 0.10643 4.31933 4.60752
1.09923 0.33728 0.67728 1.49127
-0.11163 0.09507 -0.22469 0.04271
6.65139 0.25701 6.17637 6.90098
7.15058 0.05967 7.06638 7.25221
5.98927 0.12155 5.79322 6.14484
9.86873 1.23400 8.62795 12.21400
