# avg	std	min	max
2.52301 0.06811 2.45492 2.65427
1.41870 0.12989 1.16957 1.51582
1.60328 0.19427 1.47208 1.99009
0.38407 0.04163 0.32347 0.44684
1.01588 0.07424 0.90695 1.10798
0.34489 0.13873 0.18103 0.60172
0.75910 0.37366 0.20171 1.21346
0.58187 0.28600 0.19362 1.01394
3.00034 0.06835 2.88625 3.07064
1.61343 0.08802 1.43804 1.66911
1.77725 0.05530 1.70250 1.86998
2.04010 0.13144 1.81955 2.16927
0.91254 0.19487 0.66373 1.25267
1.88227 0.17438 1.62455 2.10036
0.91412 0.15854 0.60328 1.02482
2.01292 0.16614 1.68174 2.11173
1.28890 0.22636 0.97296 1.63303
0.97637 0.10294 0.78642 1.09155
-0.02388 0.00000 -0.02388 -0.02388
1.49157 0.42143 0.98241 2.26917
1.79995 0.15739 1.62432 2.04889
1.86224 0.01533 1.83802 1.87911
0.62885 0.49710 -0.05300 1.19596
