# avg	std	min	max
0.81731 0.00000 0.81731 0.81731
0.48504 0.02126 0.44252 0.49567
0.93640 0.00058 0.93583 0.93718
0.37052 0.02030 0.32994 0.38117
0.78821 0.05688 0.67563 0.82642
0.44306 0.02094 0.42006 0.47984
0.59007 0.23935 0.18357 0.83720
0.69102 0.32962 0.03708 0.93347
2.77467 0.04680 2.72994 2.85296
-0.27802 0.11473 -0.49904 -0.17829
-0.05271 0.00572 -0.06415 -0.04973
0.36930 0.00185 0.36597 0.37068
0.35501 0.38084 -0.14287 0.78817
-0.01996 0.30943 -0.39018 0.37184
0.23881 0.24993 -0.06954 0.50033
0.27586 0.01507 0.25647 0.29848
0.17942 0.04700 0.09109 0.22257
0.42619 0.05692 0.35492 0.49343
-0.00851 0.00000 -0.00851 -0.00851
0.48414 0.04528 0.41328 0.53875
0.31814 0.04342 0.26032 0.38498
0.37797 0.00845 0.37173 0.39405
-0.13086 0.24488 -0.43544 0.18307
