# avg	std	min	max
1.69221 0.01558 1.67209 1.70727
0.48605 0.03047 0.44107 0.52638
0.77417 0.06137 0.73033 0.89524
0.72799 0.13724 0.63628 1.00007
0.90105 0.15564 0.74241 1.14791
0.61870 0.03402 0.58875 0.66321
1.87228 0.02187 1.85492 1.91284
0.19414 0.40823 -0.36709 0.53308
0.79091 0.08144 0.65838 0.88418
0.76947 0.03016 0.73900 0.82462
0.52132 0.06504 0.41628 0.61549
0.63839 0.02598 0.59505 0.67642
1.58891 0.37277 0.93420 1.89860
0.67342 0.03226 0.61148 0.70475
0.52672 0.05916 0.42795 0.60115
-0.00636 0.06888 -0.13275 0.05969
1.42753 0.15924 1.23421 1.64451
0.64101 0.04571 0.56875 0.70309
-0.01409 0.00000 -0.01409 -0.01409
2.04250 0.06473 1.92111 2.10760
0.24901 0.06011 0.16038 0.33508
0.39039 0.39707 0.17458 1.18309
1.24902 0.04171 1.20373 1.30661
