# avg	std	min	max
0.85028 0.02281 0.83533 0.89517
0.58738 0.00779 0.57478 0.59838
1.37839 0.02819 1.33079 1.40926
0.54651 0.07672 0.46968 0.68563
1.22939 0.04368 1.17213 1.30666
0.47672 0.02758 0.45347 0.52493
0.81390 0.04280 0.73903 0.85960
0.05838 0.16868 -0.11486 0.35301
0.39669 0.03028 0.36231 0.44455
1.01017 0.01990 0.99129 1.04849
1.29790 0.02877 1.24504 1.32559
0.99638 0.05042 0.94710 1.08291
0.22198 0.32697 -0.12773 0.83184
0.72288 0.03268 0.67959 0.76391
0.55765 0.03461 0.51728 0.60632
0.00910 0.03669 -0.05171 0.05211
0.22656 0.05322 0.15321 0.29753
0.71295 0.03708 0.66950 0.77340
-0.02561 0.01424 -0.05178 -0.01236
1.13069 0.04108 1.06298 1.18972
0.48255 0.04575 0.40118 0.53104
0.72375 0.08604 0.61977 0.83928
-0.10950 0.09276 -0.22252 0.03174
