# avg	std	min	max
-0.02331 0.00283 -0.02640 -0.01932
-0.08758 0.00171 -0.09011 -0.08594
0.17093 0.00219 0.16881 0.17414
-0.11611 0.00771 -0.12366 -0.10457
0.47267 0.00325 0.46981 0.47885
0.06712 0.00277 0.06343 0.06992
-0.09779 0.07148 -0.17469 0.03707
-0.08494 0.00540 -0.09458 -0.07883
-1.16225 0.00122 -1.16355 -1.16027
0.19719 0.00164 0.19472 0.19929
0.06221 0.00920 0.05361 0.07913
-0.17143 0.00229 -0.17503 -0.16815
-0.18182 0.04983 -0.27419 -0.13532
-0.39570 0.00179 -0.39821 -0.39338
-0.39078 0.04440 -0.43032 -0.30812
-0.85709 0.05534 -0.90252 -0.74929
-0.92113 0.11737 -1.15529 -0.85396
-0.06927 0.00184 -0.07135 -0.06705
-0.00166 0.00142 -0.00355 0.00045
-0.23222 0.00255 -0.23569 -0.22907
-0.67442 0.01063 -0.69164 -0.65805
-0.17900 0.08175 -0.27453 -0.07988
-0.83787 0.23469 -1.12375 -0.49884
