# avg	std	min	max
0.22531 0.00000 0.22531 0.22531
0.13908 0.01878 0.12776 0.17608
0.41116 0.00017 0.41105 0.41150
-0.04770 0.00179 -0.04943 -0.04478
0.22686 0.00191 0.22552 0.23061
0.13461 0.03254 0.07694 0.16950
-0.33356 0.00244 -0.33817 -0.33102
0.03536 0.00647 0.02788 0.04746
-0.41129 0.00878 -0.41786 -0.39446
0.21890 0.00001 0.21888 0.21890
0.29119 0.01281 0.27316 0.31272
0.24085 0.00379 0.23816 0.24832
-0.74219 0.08489 -0.83139 -0.59178
-0.11734 0.01017 -0.12538 -0.09857
-0.35631 0.00760 -0.36268 -0.34167
-0.74905 0.84953 -1.81173 -0.05112
-0.47244 0.17822 -0.57400 -0.11754
0.15448 0.03488 0.11145 0.19832
-0.03001 0.01295 -0.04623 -0.00640
-0.27693 0.01236 -0.28648 -0.25508
-0.09708 0.01129 -0.10532 -0.07556
0.09443 0.01641 0.08029 0.12278
-1.02742 0.02105 -1.04798 -1.00063
