# avg	std	min	max
0.93382 0.08987 0.85833 1.10106
1.00496 0.07181 0.96850 1.14858
1.03354 0.08261 0.97941 1.19268
0.27554 0.01501 0.25377 0.28996
1.16445 0.06570 1.09890 1.24742
0.34751 0.08554 0.29361 0.51713
0.20561 0.03879 0.18322 0.28299
-0.03047 0.04421 -0.08024 0.04022
0.40554 0.03145 0.36714 0.45373
1.05820 0.13692 0.93985 1.31693
0.94070 0.04093 0.86701 0.98377
0.66566 0.04790 0.60639 0.75236
0.32940 0.05761 0.27136 0.42722
-0.05984 0.06280 -0.12931 0.03631
-0.00827 0.02253 -0.02829 0.03481
0.44760 0.04285 0.37103 0.49868
0.71243 0.00598 0.70682 0.72283
0.43827 0.04775 0.37893 0.49012
-0.04360 0.08693 -0.19484 0.07607
0.18872 0.04865 0.13237 0.25013
0.70532 0.04482 0.66229 0.78651
0.96358 0.03830 0.92233 1.01183
-0.24093 0.16401 -0.43402 0.05603
