# avg	std	min	max
1.97571 0.39913 1.71821 2.77071
1.65257 0.43916 1.25392 2.29014
0.60974 0.08733 0.44460 0.67581
0.12287 0.04010 0.07630 0.18426
0.00423 0.03491 -0.05330 0.04831
0.30940 0.11971 0.20902 0.53479
0.28853 0.10038 0.13469 0.38209
0.17496 0.03479 0.13341 0.23066
2.63453 0.05321 2.57159 2.72490
1.74053 0.03841 1.69734 1.79167
0.91846 0.68857 0.09620 1.88662
1.12368 0.05201 1.04872 1.19583
0.30818 0.05487 0.23192 0.37449
0.93707 0.90036 0.25293 2.69532
0.70542 0.11118 0.58714 0.89762
1.84550 0.05090 1.79987 1.94272
1.30268 0.04806 1.22601 1.35354
0.16200 0.05705 0.07457 0.24616
-0.00158 0.00317 -0.00792 0.00000
1.08968 0.06597 0.96155 1.14712
1.95117 0.05642 1.86414 2.03473
2.07796 0.08795 1.96878 2.19661
0.99867 0.06628 0.93642 1.09748
