# avg	std	min	max
4.26482 0.04529 4.20010 4.30981
3.28397 0.05527 3.21721 3.37804
3.07620 0.02353 3.06023 3.12277
1.73581 0.00884 1.72176 1.74505
2.46549 0.02404 2.44026 2.50794
2.23203 0.13103 2.13591 2.48936
2.74667 0.43814 1.87062 2.97688
1.61506 0.14005 1.47448 1.85280
6.10383 0.13831 5.95181 6.28890
3.26296 0.02030 3.24601 3.30027
4.16613 0.19046 3.78689 4.27675
4.39125 0.17808 4.03622 4.49549
1.46139 0.20566 1.18266 1.74045
3.89231 0.17076 3.80268 4.23377
2.98129 0.39057 2.48504 3.48555
4.68093 0.18481 4.52136 5.03393
3.85337 0.03993 3.81075 3.91790
1.99379 0.46218 1.41394 2.54674
0.00000 0.00000 0.00000 0.00000
4.09423 0.27170 3.68766 4.54450
5.31658 0.04534 5.26198 5.38098
7.86203 0.45021 7.25900 8.59150
1.80049 0.03445 1.74822 1.83659
