# avg	std	min	max
0.49683 0.00108 0.49543 0.49797
0.48290 0.00127 0.48140 0.48459
1.17942 0.00428 1.17280 1.18473
0.48394 0.00388 0.47623 0.48644
0.84026 0.04490 0.81007 0.92738
0.26579 0.00799 0.25050 0.27229
0.52971 0.00302 0.52444 0.53259
0.13358 0.39733 -0.43144 0.53473
-0.65254 0.01710 -0.67359 -0.62669
-0.00024 0.00240 -0.00469 0.00159
0.08630 0.09700 -0.03596 0.17007
1.01903 0.00098 1.01777 1.02068
0.43556 0.18945 0.08752 0.60838
-1.39614 0.39737 -1.71957 -0.68267
0.43802 0.13139 0.19121 0.55339
-1.86201 0.21418 -2.12683 -1.53739
0.31234 0.29204 -0.26799 0.49859
0.50415 0.02644 0.48617 0.55636
0.45117 0.07580 0.30719 0.51506
0.46509 0.01721 0.44529 0.49594
0.02067 0.27981 -0.52022 0.27366
0.19863 0.41334 -0.17689 0.95652
0.08114 0.26419 -0.24620 0.37011
