# avg	std	min	max
-0.34040 0.00005 -0.34043 -0.34030
-0.09625 0.00007 -0.09628 -0.09610
-0.05499 0.00008 -0.05508 -0.05486
-0.19871 0.02449 -0.22898 -0.17671
-0.11698 0.00009 -0.11715 -0.11689
-0.23892 0.01538 -0.26421 -0.21818
-0.47605 0.00500 -0.48485 -0.47088
-0.60952 0.01591 -0.62828 -0.58216
-0.55524 0.01443 -0.56804 -0.52754
-0.00013 0.00011 -0.00033 -0.00003
-0.20423 0.00009 -0.20430 -0.20405
0.07735 0.00110 0.07666 0.07953
-0.48379 0.00600 -0.49362 -0.47828
-0.48727 0.04715 -0.58085 -0.45447
-0.44622 0.04486 -0.48626 -0.36445
-0.56176 0.00105 -0.56246 -0.55968
-0.30144 0.00423 -0.30684 -0.29660
-0.79865 0.02911 -0.84784 -0.77114
-0.78317 0.08273 -0.90865 -0.68127
-0.21168 0.00308 -0.21603 -0.20664
0.12274 0.00104 0.12158 0.12465
0.05654 0.03184 0.01394 0.09187
-0.71811 0.01096 -0.73489 -0.70577
