# avg	std	min	max
1.40556 0.03376 1.36176 1.43611
1.45028 0.02343 1.41061 1.48146
2.21404 0.02807 2.19767 2.26999
0.69771 0.03825 0.64429 0.75002
1.68170 0.05412 1.61312 1.73583
0.91635 0.07250 0.81610 1.00122
1.22554 0.08530 1.10607 1.32152
1.57107 0.01895 1.54821 1.59393
2.75696 0.02665 2.72025 2.79225
-0.04185 0.02043 -0.06022 -0.01089
-0.93191 0.31335 -1.33446 -0.64990
1.42924 0.02384 1.39802 1.45494
1.21397 0.03165 1.16268 1.25774
0.09623 0.30093 -0.10571 0.69538
1.69977 0.02229 1.66719 1.73055
0.11017 0.01578 0.07933 0.12249
1.61325 0.02863 1.56664 1.65630
0.97554 0.01975 0.94611 1.00102
0.79578 0.00736 0.78817 0.80814
1.51644 0.08588 1.42099 1.67658
2.15698 0.17219 1.81370 2.26613
2.88576 0.01625 2.86229 2.90806
0.96946 0.05860 0.89512 1.04351
