# avg	std	min	max
0.02373 0.00007 0.02368 0.02387
-1.64522 0.00355 -1.64712 -1.63813
2.21788 0.18340 1.96445 2.48753
3.76499 0.84649 2.76827 5.24689
5.59540 0.28333 5.19355 6.01999
5.05390 1.00167 3.45930 6.27288
20.74960 0.81820 19.62380 22.09740
19.90054 2.75591 17.31790 24.58480
4.46933 0.00958 4.45918 4.48261
-0.00006 0.00011 -0.00027 0.00004
1.35636 0.01425 1.34679 1.38419
1.39510 0.00046 1.39446 1.39564
23.76906 1.28225 22.27700 26.11170
4.50028 0.05279 4.42684 4.56186
5.44729 1.87647 2.97570 8.03988
7.17826 0.07637 7.09166 7.30819
8.17383 3.04047 4.10981 12.40290
8.95977 0.88996 7.57469 10.24300
8.92832 1.23291 7.30472 10.77580
14.85574 0.72378 14.09440 16.14920
18.64110 1.88236 14.92120 20.01620
20.46356 1.13984 18.66620 21.51820
29.53722 1.67397 27.59950 32.50240
