# avg	std	min	max
1.04301 0.00015 1.04289 1.04319
-0.01937 0.00009 -0.01942 -0.01920
0.31255 0.01131 0.29979 0.33105
-0.60568 0.08074 -0.69672 -0.50584
-0.46342 0.01395 -0.48515 -0.44422
-0.47460 0.08305 -0.58056 -0.33206
-0.71613 0.01985 -0.74376 -0.68910
-0.83738 0.04932 -0.89504 -0.76448
3.72583 0.07989 3.63205 3.84260
-0.00008 0.00011 -0.00028 0.00000
0.11808 0.02019 0.09747 0.15481
0.48141 0.05579 0.44168 0.59229
-0.69305 0.03900 -0.73935 -0.64399
-0.08311 0.01356 -0.10558 -0.06749
-0.35359 0.10034 -0.48482 -0.21274
0.27047 0.01712 0.25220 0.30144
-0.13109 0.02612 -0.16004 -0.09316
-0.25381 0.03395 -0.32141 -0.23073
-1.99222 0.09367 -2.17351 -1.90955
0.11121 0.02717 0.05903 0.13779
-0.01885 0.04981 -0.07237 0.07096
0.03740 0.09588 -0.07267 0.21432
-1.23274 0.13386 -1.45446 -1.04484
