# avg	std	min	max
1.07406 0.00762 1.06129 1.08148
0.62534 0.02918 0.57821 0.65279
1.24519 0.02536 1.21710 1.27946
0.53901 0.04377 0.45563 0.58481
1.06921 0.05734 0.98208 1.16133
0.74775 0.03507 0.70361 0.79614
0.73610 0.06225 0.66686 0.81576
0.72340 0.07484 0.58801 0.81010
-0.42142 0.04874 -0.47939 -0.35840
-0.00459 0.00588 -0.01519 0.00168
0.48361 0.06030 0.40831 0.53949
1.12065 0.05071 1.05854 1.18293
0.76007 0.03539 0.72415 0.82176
0.57914 0.05083 0.50882 0.62981
0.81576 0.12700 0.70430 1.03894
0.84436 0.02692 0.79182 0.86683
0.55952 0.15034 0.40792 0.74294
0.26222 0.07558 0.12730 0.35380
-1.47809 0.27569 -1.81974 -0.97527
1.08538 0.10406 0.93360 1.20694
0.89381 0.05978 0.81305 0.98433
1.32720 0.24284 1.10622 1.78831
-0.34628 0.36729 -0.78802 0.20396
