# avg	std	min	max
0.08453 0.00000 0.08453 0.08453
-0.19387 0.00000 -0.19387 -0.19386
-0.03601 0.00036 -0.03648 -0.03543
-0.42892 0.03608 -0.47419 -0.38608
-0.24913 0.04315 -0.32386 -0.20494
-0.28493 0.01959 -0.30718 -0.25379
-0.63475 0.10152 -0.76395 -0.55143
-0.41985 0.02703 -0.46961 -0.39101
-0.99250 0.01083 -1.00596 -0.97754
0.00000 0.00001 -0.00002 0.00001
-0.02908 0.00160 -0.03098 -0.02738
-0.04027 0.00154 -0.04108 -0.03719
-0.69480 0.03409 -0.75155 -0.65599
-0.03913 0.00014 -0.03938 -0.03900
-0.46611 0.04599 -0.53004 -0.40476
-0.10558 0.00275 -0.10894 -0.10277
-0.94643 0.03133 -0.98486 -0.89932
-0.34450 0.01877 -0.37794 -0.32530
-0.53220 0.02135 -0.57163 -0.50964
-0.03246 0.04777 -0.08359 0.05100
-0.24043 0.00102 -0.24169 -0.23910
-0.20583 0.00708 -0.21214 -0.19319
-1.01327 0.10674 -1.12590 -0.86396
