# avg	std	min	max
0.16832 0.00000 0.16832 0.16832
0.80524 0.00000 0.80524 0.80524
0.59412 0.07623 0.54285 0.74529
0.05687 0.42335 -0.47347 0.50665
0.24224 0.08265 0.18441 0.40290
-0.14172 0.01811 -0.16583 -0.11183
0.09414 0.04064 0.01899 0.13524
0.18763 0.09030 0.09283 0.34864
1.28015 0.00530 1.27446 1.28970
0.00003 0.00003 0.00000 0.00006
1.00833 0.05833 0.93851 1.08213
0.50736 0.01409 0.49206 0.53365
0.18565 0.03657 0.12927 0.22301
-0.07346 0.00576 -0.07859 -0.06635
-0.40919 0.06287 -0.47871 -0.30971
0.64964 0.00427 0.64631 0.65679
0.60410 0.02848 0.56608 0.64016
0.09634 0.06232 -0.00258 0.15312
-0.54140 0.06693 -0.64462 -0.43512
0.28054 0.02515 0.23425 0.30737
0.60477 0.00663 0.59299 0.61067
0.76621 0.11442 0.55284 0.88402
-0.35697 0.10112 -0.51153 -0.22910
