# avg	std	min	max
-3.07500 0.00008 -3.07505 -3.07485
0.26756 0.00000 0.26756 0.26756
1.97903 0.00058 1.97830 1.98008
-0.17253 0.01322 -0.17921 -0.14610
1.90624 0.00114 1.90482 1.90762
-0.31016 0.00181 -0.31169 -0.30674
-0.10382 0.00259 -0.10637 -0.10005
-0.51360 0.03175 -0.56792 -0.47414
5.07197 0.01070 5.06282 5.09050
0.00012 0.00008 0.00001 0.00023
0.92973 0.00088 0.92880 0.93113
-0.08778 0.00060 -0.08810 -0.08659
-0.12715 0.00752 -0.14168 -0.12063
-0.11897 0.02432 -0.15008 -0.09590
-0.54099 0.18946 -0.73400 -0.18487
-1.75544 0.00073 -1.75617 -1.75438
-0.35860 0.04812 -0.39667 -0.26592
-0.27593 0.00638 -0.28096 -0.26449
-0.50014 0.00470 -0.50772 -0.49317
-0.18937 0.00426 -0.19580 -0.18470
-0.09451 0.00147 -0.09681 -0.09256
0.46253 0.01094 0.45003 0.47828
-0.46922 0.03214 -0.50971 -0.42172
