# avg	std	min	max
-0.17628 0.00273 -0.18171 -0.17460
-1.43117 0.03853 -1.50806 -1.41008
0.20357 0.01182 0.19362 0.22681
-0.27206 0.00637 -0.27924 -0.26300
0.02316 0.00020 0.02292 0.02342
-0.48067 0.04274 -0.55879 -0.44533
-0.55775 0.01914 -0.57212 -0.52353
-0.40591 0.01104 -0.42592 -0.39382
3.08009 0.19150 2.75233 3.29116
-0.00112 0.00234 -0.00576 0.00049
0.18227 0.00082 0.18146 0.18382
-0.18014 0.00438 -0.18889 -0.17765
-0.44647 0.04364 -0.50392 -0.40005
-0.26245 0.00642 -0.27453 -0.25546
-0.68493 0.02428 -0.73311 -0.66949
-0.41391 0.00214 -0.41707 -0.41114
-0.83218 0.02166 -0.85488 -0.79098
-0.35413 0.03185 -0.40994 -0.31051
-0.39769 0.00579 -0.40266 -0.38660
-0.27029 0.00654 -0.27805 -0.26045
-0.48644 0.00180 -0.48883 -0.48373
-0.56704 0.03024 -0.61055 -0.51777
-1.35526 0.12654 -1.47384 -1.12557
