# avg	std	min	max
0.08735 0.00000 0.08735 0.08735
0.22532 0.00000 0.22532 0.22532
2.55390 0.00025 2.55349 2.55420
0.08084 0.00055 0.07999 0.08164
2.69820 0.00402 2.69469 2.70419
0.15625 0.00461 0.15185 0.16201
0.10287 0.00460 0.09919 0.11170
0.26548 0.04696 0.17180 0.29529
4.64684 0.12731 4.39283 4.72632
0.00008 0.00006 -0.00000 0.00018
2.35430 0.00021 2.35401 2.35464
-0.01174 0.00918 -0.03009 -0.00680
0.05653 0.02792 0.03883 0.11119
0.03272 0.01797 0.00813 0.04749
1.34294 0.05446 1.28601 1.41969
0.22107 0.01278 0.20461 0.24076
2.10901 0.00060 2.10798 2.10980
-0.11287 0.01761 -0.13108 -0.09111
0.05388 0.00450 0.04809 0.06022
0.19921 0.01664 0.16698 0.21213
0.34781 0.00159 0.34587 0.34988
2.55436 0.06145 2.44610 2.60547
-0.02116 0.01772 -0.04301 0.00054
