# avg	std	min	max
0.79406 0.00012 0.79396 0.79421
0.15286 0.00025 0.15266 0.15317
0.97643 0.00064 0.97566 0.97721
0.05029 0.00172 0.04780 0.05201
0.66940 0.00066 0.66867 0.67044
0.08613 0.06566 -0.04145 0.13452
0.32370 0.00060 0.32276 0.32440
0.05031 0.01948 0.02604 0.08345
3.02100 0.06555 2.90695 3.09449
-0.00001 0.00040 -0.00050 0.00072
0.44248 0.29101 0.08506 0.68032
0.86727 0.00034 0.86669 0.86775
0.32430 0.00422 0.32164 0.33269
0.05247 0.00022 0.05224 0.05284
-0.04756 0.03948 -0.12583 -0.02034
0.53139 0.00716 0.52739 0.54567
0.30541 0.00529 0.29504 0.31001
-0.08290 0.04665 -0.13011 -0.02066
-0.47424 0.01267 -0.49623 -0.46380
0.37397 0.00597 0.36873 0.38152
0.41112 0.00326 0.40768 0.41707
0.97181 0.00586 0.96455 0.97913
-0.03392 0.04265 -0.10049 0.01913
