# avg	std	min	max
1.15281 0.00002 1.15279 1.15283
0.49502 0.00002 0.49501 0.49506
2.03656 0.13594 1.76469 2.10724
0.53820 0.00114 0.53666 0.53939
1.65662 0.00347 1.65063 1.66049
0.73240 0.00339 0.72783 0.73602
0.70854 0.00147 0.70691 0.71043
0.62142 0.01059 0.60844 0.63083
3.58493 0.08176 3.48184 3.68235
-0.00002 0.00003 -0.00007 0.00000
1.41025 0.00371 1.40414 1.41443
0.90132 0.00020 0.90115 0.90171
0.68549 0.00642 0.68140 0.69818
0.42187 0.00013 0.42171 0.42203
0.52038 0.01163 0.49867 0.53332
0.87204 0.00211 0.87081 0.87624
0.58896 0.00448 0.58187 0.59330
0.23467 0.17333 -0.05767 0.41124
-0.60032 0.12607 -0.74134 -0.38373
0.80079 0.00895 0.79339 0.81175
0.62068 0.00967 0.60135 0.62592
2.11717 0.04909 2.03670 2.18075
0.30229 0.01322 0.27810 0.31818
