# avg	std	min	max
0.79366 0.04697 0.72320 0.85859
0.27245 0.00391 0.26582 0.27656
0.23571 0.16706 0.05033 0.51102
-0.73482 0.17014 -0.94572 -0.56241
-0.80833 0.18401 -0.98013 -0.45150
-0.27122 0.06410 -0.34939 -0.19523
-0.69881 0.10252 -0.84828 -0.53425
-0.32039 0.21922 -0.73879 -0.09540
3.10716 0.61149 2.75832 4.32797
-0.00124 0.00089 -0.00263 0.00000
-0.17640 0.03016 -0.21623 -0.13097
0.82853 0.05147 0.72567 0.85766
-0.37635 0.35169 -0.69869 0.30841
0.35749 0.15313 0.05323 0.45943
-0.09305 0.18657 -0.34773 0.14683
0.52960 0.23241 0.37214 0.99036
0.09187 0.16028 -0.22742 0.19088
-0.38180 0.06026 -0.46189 -0.31989
-0.49260 0.05794 -0.58277 -0.41739
0.66661 0.06965 0.56525 0.76843
0.27328 0.14199 0.07419 0.43189
0.09106 0.08287 0.00249 0.20524
0.01531 0.06315 -0.07733 0.09630
