# avg	std	min	max
0.93927 0.02543 0.89831 0.97157
0.56267 0.01200 0.54748 0.57448
1.16578 0.65446 0.52591 2.36397
0.00407 0.42372 -0.45111 0.54206
0.75174 0.66244 0.30902 2.05944
0.00068 0.03980 -0.03206 0.07581
0.06075 0.53980 -0.54098 0.94250
0.72906 1.38843 -0.33339 3.41358
5.16024 0.13085 5.01601 5.36434
-0.00842 0.00630 -0.01657 -0.00032
0.46965 0.04407 0.41353 0.53870
0.13167 0.31102 -0.15475 0.66913
-0.32777 0.66061 -1.05658 0.91561
0.35630 0.23717 0.05682 0.65102
-0.28549 0.03322 -0.32965 -0.22854
0.88156 0.39237 0.38898 1.34844
0.96307 0.02582 0.92407 0.98528
-0.38798 0.11839 -0.48962 -0.15890
-0.57895 0.15316 -0.81387 -0.34531
0.86870 0.34968 0.43927 1.40677
2.33075 0.05912 2.25644 2.43630
4.52554 0.55763 3.99765 5.22121
-0.20044 0.27008 -0.65087 0.19455
