# avg	std	min	max
1.96238 0.00104 1.96047 1.96361
0.82061 0.00198 0.81673 0.82207
1.30484 0.05845 1.21427 1.35503
1.45141 0.42049 0.72860 2.02736
2.30739 0.24442 1.84933 2.55846
0.38383 0.75891 -0.30163 1.85228
6.77241 4.78228 1.04417 12.18600
6.51078 3.18202 2.07148 9.30892
5.66163 0.52075 5.22946 6.65662
0.77929 0.00432 0.77139 0.78442
0.00645 0.00671 -0.00674 0.01139
1.69173 0.00475 1.68728 1.69811
11.16958 0.82942 9.72041 12.05440
1.58958 0.07352 1.45643 1.67056
1.11902 0.45613 0.51834 1.82276
4.09004 0.39252 3.79920 4.85968
3.10100 0.39197 2.83489 3.88003
2.36780 0.79389 1.46764 3.51537
1.49703 1.10182 -0.24689 2.99690
8.90689 0.35616 8.37298 9.39123
6.11364 0.76317 5.44888 7.47923
7.66029 0.55442 6.84148 8.28891
11.89557 2.22576 8.12087 14.56360
