# avg	std	min	max
-0.03054 0.00000 -0.03054 -0.03054
-0.12755 0.00000 -0.12755 -0.12755
-0.04204 0.00147 -0.04498 -0.04129
-0.45106 0.12768 -0.69123 -0.33070
-0.46013 0.00156 -0.46288 -0.45805
-0.71454 0.07133 -0.78515 -0.57703
-0.39354 0.06579 -0.51016 -0.31556
-0.76852 0.01830 -0.79717 -0.74277
-0.34592 0.00851 -0.36268 -0.33961
-0.24229 0.00005 -0.24236 -0.24223
0.00093 0.00051 0.00040 0.00181
-0.43416 0.00814 -0.43829 -0.41788
-0.57583 0.24413 -0.78218 -0.27088
-0.23739 0.00826 -0.24473 -0.22717
-0.38931 0.01876 -0.41003 -0.36514
-0.27220 0.00003 -0.27226 -0.27216
-0.43553 0.00864 -0.45166 -0.42746
-0.61783 0.06655 -0.74856 -0.57194
-0.59059 0.02265 -0.62703 -0.56794
-0.21295 0.04430 -0.25029 -0.15812
-0.33651 0.00828 -0.34279 -0.32046
0.05865 0.00532 0.04975 0.06555
-0.67634 0.13081 -0.90839 -0.54754
