# avg	std	min	max
1.83200 0.43461 1.39010 2.54035
2.79497 0.29741 2.23385 3.08556
4.16896 0.07254 4.07547 4.24949
3.01257 0.04815 2.97535 3.10351
3.99634 0.10442 3.83784 4.14138
3.07420 0.12427 2.88494 3.18757
3.12444 0.11338 2.97985 3.28123
3.48197 0.07998 3.33248 3.57035
1.59193 0.48104 1.08176 2.17960
-0.03735 0.35941 -0.37555 0.64670
-0.07381 0.12118 -0.30632 0.01797
3.31904 0.11224 3.13400 3.42807
3.17658 0.10299 2.98608 3.29815
1.38204 0.05695 1.29681 1.46689
2.86102 0.24559 2.60112 3.28281
1.40186 0.12004 1.19179 1.53241
2.54104 0.07121 2.46521 2.67511
3.07401 0.05706 2.97291 3.12779
2.99234 0.07515 2.85384 3.05626
3.04809 0.13234 2.82046 3.19410
1.87664 0.27051 1.42442 2.24835
3.73419 0.57033 3.01693 4.28350
3.05796 0.13932 2.81878 3.16994
