# avg	std	min	max
1.22175 0.02775 1.19787 1.27563
0.12592 0.00841 0.11512 0.13572
-0.07797 0.03365 -0.11394 -0.01625
-1.97491 0.01736 -1.99935 -1.95216
-0.41120 0.02468 -0.45494 -0.38521
-0.56889 0.04152 -0.63838 -0.53188
-0.12737 0.86584 -1.21513 0.76225
1.54249 0.70527 0.20182 2.13537
4.81247 0.07493 4.68822 4.91379
0.99901 0.00692 0.99318 1.01236
0.00252 0.00574 -0.00258 0.01374
0.46235 0.00451 0.45621 0.46751
1.35069 1.25199 -0.24113 2.83266
0.84452 0.09786 0.77724 1.03809
0.38820 0.24850 -0.07961 0.66458
1.51330 0.10111 1.32954 1.62790
0.52509 0.02450 0.49071 0.55308
-0.86150 0.06819 -0.93935 -0.76720
-0.76858 0.19707 -1.15801 -0.61738
1.44632 0.81591 0.39951 2.41946
2.13333 0.06571 2.03921 2.22183
2.91784 0.05878 2.81211 2.97870
1.96607 1.65950 -0.10148 3.77535
