# avg	std	min	max
0.43651 0.03081 0.39730 0.48008
-0.36901 0.02788 -0.38904 -0.31405
0.31274 0.03170 0.25310 0.34060
-1.05063 0.12900 -1.21707 -0.86660
-0.29946 0.00899 -0.31416 -0.28923
-0.84450 0.08603 -0.96797 -0.70830
-0.90797 0.04621 -0.95410 -0.82066
-0.84364 0.14238 -0.93643 -0.56738
3.64118 0.26107 3.28382 4.06221
-0.32871 0.01319 -0.34660 -0.31341
-0.00253 0.00623 -0.01375 0.00481
0.10596 0.07292 0.02457 0.23606
-0.75628 0.00502 -0.76309 -0.75000
-0.59868 0.03500 -0.65579 -0.54534
-0.71358 0.10281 -0.78583 -0.51106
-0.63599 0.21122 -0.82869 -0.22716
-1.01715 0.08560 -1.13595 -0.91712
-0.58913 0.18916 -0.69932 -0.21177
-0.89204 0.45553 -1.72538 -0.33191
-0.01625 0.08912 -0.15924 0.10485
-1.18238 0.03937 -1.23373 -1.12784
0.38834 0.02082 0.36959 0.42622
-0.84894 0.11167 -1.06064 -0.76038
