# avg	std	min	max
0.25253 0.24625 -0.05021 0.48302
-0.98115 0.24865 -1.18586 -0.66091
0.06458 0.19928 -0.03671 0.46314
-0.32728 0.22675 -0.56178 -0.02859
0.00325 0.24555 -0.20192 0.31191
-0.15826 0.25897 -0.37217 0.19347
-0.06351 0.23081 -0.33693 0.24906
-0.04419 0.25355 -0.26589 0.27986
2.87360 0.27039 2.55903 3.26987
-0.26673 0.21441 -0.38035 0.16202
-0.11723 0.21310 -0.54246 0.00797
0.24249 0.25511 -0.07088 0.46748
-0.16686 0.24548 -0.44143 0.20951
-0.19737 0.29811 -0.47547 0.35276
-0.63351 0.26067 -0.84854 -0.29681
-0.03856 0.19636 -0.14440 0.35407
-0.54984 0.23217 -0.80151 -0.25835
-0.29977 0.25258 -0.66210 -0.06305
-0.68797 0.20240 -0.80203 -0.28389
-0.15218 0.24331 -0.40747 0.14783
0.01768 0.26000 -0.19581 0.34652
-0.26900 0.20933 -0.40874 0.14596
-0.58867 0.30988 -0.95608 -0.02624
