# avg	std	min	max
1.45593 0.00027 1.45579 1.45647
1.49618 0.00000 1.49618 1.49618
1.57424 0.05055 1.52583 1.66247
1.28621 0.03124 1.24133 1.33709
1.32296 0.06051 1.23261 1.40429
0.98435 0.04914 0.92487 1.04789
1.12382 0.02437 1.07658 1.14554
1.02764 0.05233 0.96808 1.10333
0.72809 0.04545 0.68246 0.81414
1.56677 0.00024 1.56652 1.56707
0.00004 0.00029 -0.00021 0.00058
1.39901 0.01388 1.37847 1.41499
1.13801 0.04954 1.08564 1.19855
1.40529 0.01981 1.36568 1.41550
0.61728 0.05231 0.53450 0.69168
1.11123 0.00146 1.10985 1.11386
0.38575 0.04634 0.29758 0.42283
1.22257 0.00918 1.20635 1.23354
1.30809 0.02408 1.26674 1.33398
1.27369 0.02437 1.24759 1.31954
0.92463 0.06794 0.86733 1.00876
-0.63921 0.06269 -0.69335 -0.51678
0.87619 0.07457 0.77418 0.95667
