# avg	std	min	max
-0.57738 0.14471 -0.75460 -0.44928
-0.23945 0.04485 -0.29009 -0.17921
0.79585 0.00342 0.79168 0.80162
-0.84793 0.12810 -1.04348 -0.65395
-0.81626 0.65304 -1.17888 0.48822
-0.35029 0.17149 -0.63031 -0.08904
-0.27557 0.08672 -0.32610 -0.10278
-0.95068 0.82458 -2.18478 -0.22411
0.82393 0.04049 0.75140 0.86103
0.12300 0.05065 0.06096 0.16462
0.00982 0.00406 0.00210 0.01306
0.24356 0.00365 0.24073 0.25060
-0.27612 0.12368 -0.47868 -0.10725
-0.42672 0.11258 -0.63517 -0.33736
-0.60169 0.14367 -0.79974 -0.35101
-0.63008 0.05892 -0.74495 -0.57606
-0.80894 0.14181 -1.00669 -0.60852
-0.57162 0.04367 -0.62756 -0.49884
-0.70700 0.03404 -0.77371 -0.67843
-0.12777 0.05050 -0.22234 -0.07338
-1.47173 0.22130 -1.77882 -1.19558
0.29546 0.46044 -0.16042 1.13771
-0.80826 0.12644 -1.04980 -0.68342
