# avg	std	min	max
0.35357 0.00013 0.35337 0.35370
0.18237 0.00003 0.18232 0.18241
0.12127 0.00057 0.12056 0.12227
0.06780 0.00551 0.05695 0.07196
0.12477 0.01152 0.11257 0.14243
0.14940 0.00704 0.14464 0.16340
-0.02173 0.00599 -0.03259 -0.01727
0.07985 0.00532 0.06948 0.08427
0.00628 0.04017 -0.04101 0.07450
0.26507 0.00127 0.26255 0.26592
-0.00003 0.00004 -0.00012 -0.00000
0.10427 0.00454 0.09810 0.10996
-0.03881 0.03353 -0.06573 0.02631
-0.22542 0.00918 -0.23657 -0.20948
-0.30147 0.00860 -0.31102 -0.28628
-0.41732 0.00632 -0.42670 -0.40833
-0.45540 0.01905 -0.46798 -0.41749
-0.40694 0.02708 -0.44237 -0.36486
-0.31258 0.07091 -0.43042 -0.22719
-0.07011 0.00065 -0.07114 -0.06937
-0.31272 0.03214 -0.34514 -0.26690
0.28611 0.00843 0.27725 0.29786
-0.49069 0.02826 -0.53194 -0.45574
