# avg	std	min	max
1.60666 0.10357 1.45800 1.74915
1.75167 0.00683 1.74398 1.76451
2.24556 0.29773 1.84311 2.48886
1.64140 0.31409 1.01713 1.83895
1.97983 0.42230 1.37071 2.32645
1.41526 0.03856 1.35732 1.47352
1.74834 0.12059 1.59910 1.85053
1.76354 0.10753 1.67203 1.96607
0.19742 0.10744 0.06304 0.34836
0.87967 0.04899 0.83726 0.94843
-0.00034 0.00082 -0.00196 0.00026
2.04715 0.09546 1.86243 2.12222
1.85903 0.05003 1.77715 1.90512
0.07001 0.05113 0.03675 0.17175
1.42867 0.23785 1.09644 1.70493
-0.34730 0.01755 -0.36921 -0.32288
0.96591 0.20625 0.55343 1.07129
1.57797 0.00619 1.56586 1.58274
1.62360 0.08562 1.50814 1.72845
1.58658 0.03416 1.53930 1.63278
0.68106 0.07147 0.58790 0.75871
1.16925 0.54728 0.79117 2.25419
1.27516 0.13439 1.01172 1.37553
