# avg	std	min	max
1.27347 0.00954 1.25972 1.28781
0.31006 0.02020 0.28115 0.33887
0.00008 0.00008 -0.00001 0.00021
-0.88978 0.39297 -1.44906 -0.26749
-0.36807 0.00491 -0.37207 -0.35952
-0.19048 0.06229 -0.29173 -0.10242
-0.02734 0.36266 -0.66910 0.43693
-0.17181 0.12990 -0.33882 0.02545
-0.89974 0.02021 -0.92493 -0.88019
0.95892 0.02032 0.91875 0.97222
0.41667 0.03645 0.35180 0.45139
0.95906 0.16464 0.64681 1.11120
0.45074 0.06156 0.39188 0.56408
0.77804 0.02533 0.75716 0.82661
-0.09721 0.00561 -0.10799 -0.09168
1.41804 0.06141 1.34199 1.49555
-0.03564 0.27195 -0.47286 0.26421
-0.44264 0.07246 -0.52290 -0.34654
-0.34681 0.01448 -0.36521 -0.32364
0.68918 0.23003 0.32181 0.90016
-0.47855 0.16674 -0.76439 -0.29298
-1.03305 0.25277 -1.44791 -0.79644
-0.07097 0.33798 -0.56582 0.44991
