# avg	std	min	max
3.46445 0.01782 3.43671 3.48369
1.59041 0.02237 1.56455 1.61730
-0.04674 0.04016 -0.09667 0.00000
-0.11790 0.12067 -0.23014 0.10395
-0.18854 0.07729 -0.31456 -0.08693
0.25107 0.07033 0.12803 0.31892
2.30682 1.30350 0.65909 4.20727
-1.51631 0.80272 -2.54584 -0.10792
4.36636 0.14705 4.21249 4.60197
3.30246 0.12049 3.18971 3.52352
1.75264 0.05667 1.66287 1.81583
2.13675 0.05778 2.03090 2.19569
0.87357 0.50159 0.30825 1.63564
1.73489 0.12893 1.61105 1.97209
1.51453 0.36119 1.22319 2.10695
2.83460 0.04307 2.77332 2.90071
2.07729 0.05277 2.01908 2.15939
0.98355 0.15868 0.78629 1.19165
0.84019 0.11806 0.63409 0.94855
2.12238 0.28965 1.73470 2.45541
4.10373 0.05489 4.04736 4.17016
3.86916 0.03839 3.82542 3.94080
3.56853 0.93771 2.32327 5.23398
