# avg	std	min	max
2.83854 0.01163 2.81620 2.85019
1.49991 0.00900 1.48251 1.50714
-0.00010 0.00020 -0.00049 0.00000
-1.16997 0.14792 -1.38374 -1.01020
-1.10658 0.02211 -1.13799 -1.07980
-0.36442 0.02613 -0.40159 -0.32959
-0.73793 0.27071 -1.10050 -0.42359
-0.14408 0.14019 -0.33775 -0.01819
5.24106 0.02852 5.21217 5.28867
1.86857 0.01273 1.85316 1.88335
1.13842 0.00995 1.12815 1.15053
1.47956 0.01305 1.45527 1.49371
0.22442 0.03682 0.17682 0.27672
1.28655 0.01284 1.26178 1.29764
1.47434 0.06203 1.42691 1.59619
2.82812 0.15597 2.60616 3.07515
1.66207 0.39762 1.09883 2.21217
1.06352 0.03210 1.03261 1.12260
0.94646 0.48235 0.13354 1.48771
1.67364 0.04749 1.58779 1.72297
1.90045 0.21616 1.69449 2.27799
0.80506 0.05084 0.74603 0.86598
0.50415 0.09001 0.43369 0.67627
