# avg	std	min	max
0.07483 0.00837 0.06195 0.08456
-1.46756 0.00600 -1.47505 -1.45898
-0.00408 0.01003 -0.02368 0.00440
-0.21084 0.00218 -0.21438 -0.20805
-0.08029 0.00890 -0.09582 -0.07174
-0.20134 0.00997 -0.21776 -0.18857
-0.51341 0.04347 -0.55309 -0.46012
-0.49229 0.04552 -0.57411 -0.44692
0.51953 0.21765 0.25008 0.70254
0.21939 0.02274 0.17681 0.23700
-1.34467 0.01883 -1.36883 -1.32069
0.03039 0.00625 0.02327 0.03973
-0.47696 0.02807 -0.53236 -0.45564
-1.67123 0.00165 -1.67286 -1.66850
-0.12610 0.01080 -0.14168 -0.11317
-1.55543 0.06475 -1.60407 -1.42841
-0.01579 0.01817 -0.04715 0.00263
-0.52468 0.02548 -0.56167 -0.49529
-0.78862 0.02545 -0.82222 -0.75757
-0.05604 0.02034 -0.08672 -0.03172
0.06194 0.04888 -0.03084 0.11148
-1.21775 0.10053 -1.33191 -1.09173
-0.39253 0.03649 -0.45469 -0.35454
