# avg	std	min	max
0.42680 0.01030 0.41824 0.44195
0.39054 0.01370 0.37406 0.40478
-0.00186 0.00715 -0.01285 0.00850
-0.19099 0.01115 -0.20468 -0.17224
-0.17327 0.00858 -0.18635 -0.16231
0.08005 0.01184 0.06670 0.09854
-0.18759 0.03938 -0.24383 -0.12349
-0.00333 0.01287 -0.01405 0.01934
-0.10939 0.01523 -0.13365 -0.08712
0.25132 0.01089 0.23766 0.26862
-0.07941 0.03530 -0.12222 -0.01472
0.02009 0.01557 0.00276 0.04283
-0.27961 0.02372 -0.31288 -0.24665
-0.45612 0.01341 -0.47812 -0.43947
-0.15767 0.09387 -0.25437 -0.01751
-0.11922 0.01844 -0.14162 -0.09950
-0.31591 0.04474 -0.37723 -0.26260
-0.47548 0.04191 -0.54868 -0.43261
-0.72684 0.27914 -1.24949 -0.43823
-0.39940 0.01366 -0.41893 -0.38520
0.21102 0.01426 0.19447 0.22860
-0.18782 0.00981 -0.19749 -0.16998
-0.41423 0.07044 -0.54670 -0.34253
