# avg	std	min	max
1.19527 0.00781 1.18907 1.21033
0.35032 0.09727 0.24671 0.53291
0.00004 0.00007 -0.00001 0.00018
-0.46504 0.00742 -0.47839 -0.45687
-0.61931 0.00882 -0.63067 -0.60861
-0.43947 0.13458 -0.60198 -0.25936
-0.15933 0.14796 -0.43291 -0.01871
-0.59939 0.12252 -0.81253 -0.43130
-0.13317 0.10068 -0.33282 -0.06142
0.63310 0.13746 0.36466 0.74191
-0.06754 0.01226 -0.08150 -0.04632
0.79604 0.09181 0.61255 0.84692
-0.05321 0.09667 -0.19628 0.05789
0.78524 0.11601 0.63166 0.91227
0.19099 0.09662 0.04771 0.30257
0.67721 0.06855 0.63233 0.81377
0.35309 0.05981 0.27972 0.45103
-0.28110 0.22613 -0.72898 -0.11203
-0.48010 0.11965 -0.61455 -0.25913
0.41744 0.12475 0.25328 0.60416
0.49251 0.04450 0.45498 0.57662
0.83920 0.23688 0.47676 1.22511
-0.58325 0.37023 -1.28045 -0.21123
