# avg	std	min	max
1.07426 0.10786 0.95904 1.25336
-0.01749 0.03789 -0.07069 0.04380
-0.00016 0.03011 -0.04800 0.04722
-0.78303 0.04077 -0.82836 -0.70830
-0.70100 0.01830 -0.73728 -0.68804
-0.59724 0.12909 -0.79790 -0.45565
-0.56124 0.08328 -0.72766 -0.51404
-0.58398 0.09530 -0.67009 -0.45749
2.88999 0.06297 2.80641 2.99376
0.24344 0.05210 0.16346 0.29296
0.58928 0.02000 0.55460 0.61642
0.66094 0.02620 0.63769 0.69712
-0.46973 0.04339 -0.53783 -0.41019
-0.16906 0.02307 -0.19028 -0.13656
-0.32294 0.04933 -0.40261 -0.24895
0.57371 0.02792 0.52244 0.60267
0.09670 0.04207 0.03141 0.15231
-0.45458 0.04013 -0.51100 -0.40578
-0.38587 0.06065 -0.48677 -0.30849
-0.21791 0.03354 -0.28126 -0.18112
0.32078 0.04332 0.24113 0.36652
0.31830 0.05483 0.24664 0.39062
-1.29944 0.16693 -1.49897 -1.01532
