# avg	std	min	max
0.31612 0.00942 0.30627 0.33350
0.02934 0.01631 0.00758 0.04589
0.00038 0.00640 -0.00684 0.00843
-0.45254 0.02142 -0.47154 -0.41136
0.04156 0.00046 0.04087 0.04226
-0.34249 0.09538 -0.52037 -0.25177
-0.54951 0.02098 -0.57842 -0.52422
-0.74454 0.25713 -1.02989 -0.43307
2.29249 0.03950 2.26069 2.36799
-0.06922 0.00243 -0.07133 -0.06477
-0.06001 0.00650 -0.06701 -0.04826
-0.39254 0.00152 -0.39389 -0.39028
-0.49671 0.01895 -0.52961 -0.47615
-0.25508 0.00341 -0.25898 -0.24909
-0.57883 0.02261 -0.62341 -0.56323
0.03643 0.00374 0.03119 0.04289
-0.04088 0.01619 -0.06630 -0.02527
-0.76138 0.02405 -0.80379 -0.73250
-0.70760 0.09411 -0.84412 -0.58119
-0.38052 0.03046 -0.41579 -0.33637
-0.24060 0.01190 -0.25221 -0.22024
0.07686 0.02498 0.02926 0.09767
-0.84731 0.01316 -0.86604 -0.82839
