# avg	std	min	max
1.44046 0.05817 1.35230 1.51217
0.23621 0.03521 0.17738 0.27565
-0.00247 0.00415 -0.00977 0.00213
-0.60731 0.04808 -0.68651 -0.55478
-0.76725 0.02976 -0.81006 -0.71938
-0.59647 0.06383 -0.69141 -0.51390
-0.66680 0.07724 -0.79111 -0.57837
-0.40745 0.06070 -0.49521 -0.33023
2.96872 0.13687 2.81641 3.22599
0.27420 0.06356 0.17565 0.34497
-0.22339 0.04387 -0.29115 -0.15962
0.88343 0.03149 0.82092 0.90428
-0.90526 0.08257 -1.03279 -0.78463
-0.40779 0.05834 -0.51399 -0.35404
-0.31273 0.07678 -0.43171 -0.22521
0.58621 0.01084 0.57364 0.60217
-0.14092 0.11393 -0.31522 -0.04211
-0.09674 0.04607 -0.15935 -0.02890
-0.15442 0.06600 -0.23682 -0.05758
0.40098 0.03543 0.35708 0.44626
0.26513 0.15947 0.06013 0.41276
0.26594 0.06035 0.16668 0.35032
-0.61736 0.13036 -0.83164 -0.45146
