# avg	std	min	max
0.66170 0.00982 0.64314 0.67180
0.35774 0.01404 0.33852 0.37355
0.00000 0.00000 0.00000 0.00000
-0.71497 0.02976 -0.75147 -0.67675
-0.14953 0.00800 -0.15855 -0.13794
-0.58195 0.12661 -0.68988 -0.41902
-0.34395 0.02237 -0.37963 -0.31475
-1.14864 0.10632 -1.36046 -1.07986
1.43437 0.04496 1.36058 1.49791
-0.38878 0.01750 -0.41091 -0.36677
0.06168 0.00412 0.05830 0.06972
0.19891 0.07227 0.14140 0.33934
-0.30922 0.02624 -0.34309 -0.26220
-0.18349 0.07705 -0.32966 -0.12740
-0.32145 0.04071 -0.40172 -0.29175
0.05048 0.00990 0.03923 0.06640
-0.10773 0.09420 -0.29517 -0.04765
-0.21385 0.04954 -0.27556 -0.12702
-0.51594 0.16062 -0.63899 -0.21665
0.06179 0.16500 -0.20858 0.19984
-0.34055 0.01760 -0.36862 -0.31462
0.80963 0.15421 0.54033 1.01582
-1.09392 0.24460 -1.43399 -0.71754
