# avg	std	min	max
0.16737 0.00208 0.16614 0.17149
-0.37177 0.00610 -0.37652 -0.35977
0.00004 0.00036 -0.00057 0.00055
-0.22885 0.04598 -0.28918 -0.17371
-0.09665 0.00292 -0.09969 -0.09191
-0.17666 0.08586 -0.24839 -0.01662
0.15004 0.03567 0.08072 0.17990
-0.09624 0.07184 -0.16961 0.02832
-0.62937 0.24462 -0.90986 -0.33906
0.00896 0.00695 0.00260 0.01885
0.02339 0.00028 0.02313 0.02381
0.25273 0.00345 0.24774 0.25809
0.17298 0.02420 0.12926 0.20063
0.06401 0.01287 0.05062 0.08218
-0.64796 0.02354 -0.69129 -0.62380
-0.09570 0.10412 -0.15213 0.11238
-0.19064 0.04666 -0.26869 -0.12823
-0.30867 0.03065 -0.33011 -0.24832
-0.34469 0.00711 -0.35208 -0.33255
0.56289 0.05117 0.51145 0.63706
-0.05872 0.04094 -0.10143 0.01430
-0.09613 0.02157 -0.12225 -0.06492
-0.46139 0.12125 -0.56550 -0.22981
