# avg	std	min	max
1.14036 0.01533 1.11850 1.16539
0.38262 0.02021 0.36487 0.42125
-0.00010 0.00009 -0.00022 -0.00000
-0.21840 0.01156 -0.23754 -0.20462
-0.55588 0.02146 -0.59180 -0.53114
-0.25884 0.01738 -0.27187 -0.22473
0.07059 0.10031 -0.07511 0.19451
-0.64336 0.11949 -0.82098 -0.49967
3.54116 0.09418 3.40239 3.63202
0.83251 0.05033 0.73413 0.87448
0.11492 0.00461 0.11063 0.12224
0.91130 0.00203 0.90936 0.91507
0.15576 0.03368 0.11144 0.21437
0.51875 0.04797 0.45185 0.57428
-0.43385 0.01294 -0.45391 -0.41649
0.85619 0.03156 0.81273 0.90605
0.27929 0.03610 0.22719 0.32230
-0.73969 0.05491 -0.81196 -0.67112
-0.76022 0.16557 -1.08578 -0.62774
0.52068 0.16223 0.39293 0.84121
0.93112 0.02801 0.89812 0.97132
1.26379 0.03174 1.20500 1.29571
0.13065 0.06827 0.03748 0.20912
