# avg	std	min	max
1.23064 0.03926 1.15308 1.26037
0.25359 0.01905 0.22965 0.27627
-0.00058 0.00074 -0.00161 0.00007
-0.93389 0.00168 -0.93690 -0.93235
-0.72706 0.00495 -0.73682 -0.72317
-1.26780 0.00391 -1.27240 -1.26224
-0.74756 0.02832 -0.76306 -0.69095
-1.74205 0.20488 -2.01170 -1.47103
2.80319 0.17498 2.54554 3.01291
0.29293 0.03517 0.25895 0.33825
0.61384 0.00159 0.61133 0.61572
0.82563 0.09007 0.71435 0.91406
-0.60115 0.01638 -0.61975 -0.57047
0.20836 0.17716 0.06215 0.55288
-0.27206 0.01361 -0.27998 -0.24500
0.47298 0.04649 0.41699 0.55788
0.03140 0.01223 0.01524 0.05147
-0.89152 0.01516 -0.91120 -0.87347
-0.82875 0.18620 -1.20053 -0.72273
0.32268 0.00792 0.31647 0.33826
0.20245 0.01453 0.18266 0.22528
0.22268 0.03183 0.18094 0.26660
-1.27479 0.05383 -1.34545 -1.19278
