# avg	std	min	max
7.01492 0.04872 6.93060 7.06170
4.97690 0.19254 4.77106 5.32250
5.75277 0.24664 5.45603 6.17924
4.36074 0.95923 3.38884 5.62959
6.73211 0.12726 6.63558 6.96613
3.52332 0.05547 3.42153 3.57741
3.12284 0.79168 2.14407 3.84191
-0.02567 0.00877 -0.03416 -0.00895
11.59390 0.07147 11.49570 11.68110
6.07877 0.09752 5.94351 6.17994
7.14536 0.09962 7.00762 7.29647
5.37075 0.10967 5.22407 5.51155
2.81883 0.83085 2.12201 4.44739
5.91083 0.11183 5.72927 6.04137
6.02518 0.27576 5.65409 6.49454
7.17734 0.27994 6.62764 7.40166
6.78812 0.43265 6.23838 7.37708
5.06862 0.24950 4.79191 5.43468
4.11770 1.24530 2.30067 5.96429
4.57348 0.10972 4.43836 4.76227
10.01042 0.35172 9.43437 10.36630
15.13936 1.28874 13.95160 16.76070
8.66483 3.22398 5.46622 13.18120
