# avg	std	min	max
7.91164 0.61460 6.93962 8.73638
6.58495 0.27056 6.09279 6.82027
7.45689 0.88198 5.79020 8.16558
4.36448 0.24878 3.91824 4.66069
6.94171 0.16143 6.73952 7.19852
4.21278 0.26005 3.90530 4.54066
2.29123 0.49146 1.50710 2.79116
-0.01332 0.01238 -0.03433 -0.00000
9.17760 0.59525 8.38598 9.89068
7.40782 0.21526 7.18729 7.72135
8.49227 1.04344 6.41039 9.15000
7.03074 0.25772 6.68168 7.37342
3.90524 0.21377 3.56754 4.12091
6.67582 0.28967 6.18570 6.98497
6.22549 0.33798 5.74060 6.71470
8.38391 0.01820 8.36959 8.41964
8.10673 0.14521 7.82574 8.23539
6.59595 0.22142 6.42236 7.01551
6.38981 0.22207 5.99898 6.67890
5.24600 0.30459 4.89884 5.62002
11.20658 0.24710 11.02000 11.68980
14.58056 0.95843 13.58890 16.31180
8.24954 1.47675 6.40262 10.47830
