# avg	std	min	max
2.75298 0.03822 2.68891 2.80861
1.89345 0.03480 1.83265 1.93213
2.37877 0.03127 2.34073 2.41515
1.28484 0.05437 1.19900 1.36255
1.69081 0.04451 1.60511 1.72255
0.89483 0.01698 0.87395 0.91582
1.04406 0.01989 1.02130 1.07771
-0.00000 0.00000 -0.00000 -0.00000
5.55125 0.06219 5.46367 5.65679
2.27932 0.07782 2.21938 2.43248
2.34935 0.02724 2.29841 2.37443
2.79680 0.03268 2.74731 2.83908
1.05986 0.02388 1.01333 1.07779
1.72054 0.14820 1.54587 1.94056
1.54034 0.06726 1.43032 1.61549
2.44188 0.01145 2.42602 2.45679
1.92798 0.02501 1.89565 1.96758
1.40290 0.04662 1.31896 1.45372
1.39290 0.11489 1.22934 1.55049
2.23593 0.11084 2.03351 2.33507
2.53688 0.01998 2.50515 2.55906
2.33886 0.02138 2.30033 2.36128
0.74370 0.02663 0.70509 0.77990
