# avg	std	min	max
2.46249 0.02918 2.41808 2.49811
1.15462 0.03504 1.08517 1.17501
1.28385 0.01275 1.26679 1.30228
0.10389 0.03487 0.03419 0.12250
1.70502 0.44943 0.85472 2.07990
0.00444 0.01523 -0.00657 0.03462
0.49075 0.02093 0.45116 0.51050
-0.10049 0.00830 -0.10610 -0.08400
4.49864 0.53497 3.76138 5.28881
1.52858 0.00343 1.52647 1.53536
2.75156 0.07827 2.65654 2.83451
1.84863 0.00329 1.84649 1.85503
0.00130 0.01229 -0.00910 0.02541
1.84752 0.02984 1.80451 1.89832
1.11934 0.01608 1.09760 1.13598
2.26764 0.59472 1.30207 3.04575
1.49960 0.35857 0.95762 1.92278
0.64202 0.05312 0.54098 0.69624
0.69416 0.16527 0.37687 0.85859
1.26274 0.03587 1.19109 1.28395
2.11106 0.20914 1.92756 2.52004
3.38846 0.76386 2.04755 4.08469
-0.00363 0.15070 -0.26391 0.17741
