# avg	std	min	max
3.60791 0.07645 3.46953 3.66597
2.27110 0.09737 2.11049 2.37678
3.37432 0.35641 3.04147 3.80902
-0.99974 0.09803 -1.13207 -0.87591
2.71083 0.14969 2.48279 2.88046
0.65610 0.30312 0.24577 0.92275
-0.44537 0.18423 -0.64903 -0.15866
0.98228 0.70939 0.01105 2.07715
5.89061 0.44298 5.41180 6.66991
2.28828 0.05163 2.19962 2.33222
3.31119 0.37252 2.94891 4.02152
1.94610 0.05988 1.84514 2.01642
-0.01804 0.02536 -0.06273 0.00862
1.96903 0.13930 1.76673 2.15257
2.56278 0.21458 2.17640 2.77036
3.32003 0.08432 3.20831 3.43640
3.40115 0.21393 3.11274 3.70942
2.46002 0.07666 2.34179 2.57012
2.79875 0.08544 2.65061 2.91087
2.27374 0.04620 2.22100 2.32991
5.71214 0.26229 5.38927 6.17289
10.66198 1.65416 8.31363 12.93420
0.09185 0.77711 -0.93881 0.91621
