# avg	std	min	max
2.77739 0.03390 2.74352 2.82410
2.04724 0.01451 2.03015 2.06898
2.04744 0.02312 2.02106 2.08241
1.41050 0.02593 1.35873 1.42649
1.51628 0.03904 1.46395 1.56695
1.31600 0.07391 1.26396 1.46284
1.27242 0.08490 1.10529 1.34203
-0.17567 0.05284 -0.23838 -0.10154
1.65590 0.02331 1.62058 1.68170
2.65980 0.01401 2.64492 2.68341
2.46887 0.01839 2.45058 2.50360
2.38379 0.01141 2.36935 2.39499
-0.00037 0.00217 -0.00284 0.00285
2.32193 0.00787 2.31460 2.33651
1.78360 0.01799 1.76031 1.80816
3.60912 0.15935 3.40057 3.75229
2.46541 0.05323 2.37517 2.53032
1.73664 0.03317 1.70998 1.79875
1.75728 0.00918 1.74088 1.76614
2.00344 0.00654 1.99739 2.01231
3.25132 0.16706 3.03214 3.41988
3.30801 0.02104 3.28385 3.33562
1.66981 0.07541 1.60370 1.80861
