# avg	std	min	max
0.17537 0.00000 0.17537 0.17537
0.36760 0.00000 0.36760 0.36760
0.35365 0.00005 0.35360 0.35374
0.15423 0.00065 0.15382 0.15551
0.42359 0.00024 0.42331 0.42392
0.38242 0.02703 0.34611 0.41722
-0.08501 0.00302 -0.08719 -0.07906
0.25594 0.00556 0.24485 0.25937
0.04737 0.01161 0.03424 0.06253
0.48574 0.00004 0.48567 0.48578
0.24046 0.00037 0.24013 0.24118
0.42963 0.00004 0.42958 0.42968
0.00030 0.00407 -0.00353 0.00545
-0.01906 0.00013 -0.01928 -0.01888
0.55956 0.09803 0.39407 0.63644
-0.20889 0.00338 -0.21304 -0.20609
0.01777 0.01204 -0.00068 0.03606
0.18267 0.02595 0.13141 0.20209
0.19396 0.07099 0.11466 0.28191
0.36322 0.01198 0.34791 0.37613
0.41966 0.00553 0.41531 0.42947
0.42610 0.00811 0.41644 0.43620
-0.43560 0.03029 -0.48359 -0.40256
