# avg	std	min	max
1.33593 0.04718 1.28356 1.40049
0.66485 0.02760 0.63011 0.70734
0.86589 0.02237 0.84122 0.90539
-0.03489 0.02583 -0.07172 0.00280
0.24405 0.10590 0.03234 0.30067
-0.05481 0.05042 -0.14805 -0.00066
-0.12750 0.03368 -0.16799 -0.08558
-0.41118 0.22598 -0.68683 -0.20680
2.80728 0.42592 2.26719 3.38561
0.56267 0.08506 0.44567 0.70664
1.25010 0.02049 1.21825 1.27772
1.27783 0.07149 1.16957 1.37579
-0.00987 0.00770 -0.01942 0.00318
0.53328 0.08327 0.46215 0.68737
0.12896 0.02554 0.08316 0.15255
1.17616 0.17464 0.89749 1.41612
0.81866 0.03038 0.79217 0.87309
0.20183 0.02599 0.17223 0.23386
-0.13719 0.10484 -0.21494 0.06044
0.68645 0.06815 0.59122 0.79392
1.04412 0.02697 1.00965 1.07727
0.94557 0.10720 0.86091 1.14734
-0.27686 0.08527 -0.35103 -0.11828
