# avg	std	min	max
2.03039 0.02036 2.00914 2.05927
1.84736 0.02594 1.80058 1.87848
1.36288 0.00439 1.35769 1.37049
0.60510 0.01287 0.59280 0.62929
1.17520 0.02315 1.13328 1.20058
0.44933 0.09202 0.34599 0.60345
-0.18123 0.00811 -0.19152 -0.16891
0.47497 0.01505 0.44759 0.48929
2.28457 0.01751 2.25985 2.30831
1.56914 0.02792 1.52647 1.59357
1.35844 0.02195 1.33685 1.39502
1.09668 0.01705 1.06772 1.11644
-0.01342 0.00449 -0.01882 -0.00596
0.82069 0.02289 0.77501 0.83430
0.62379 0.02264 0.60290 0.66722
1.54100 0.01704 1.51130 1.55563
1.30211 0.01440 1.28715 1.32506
0.64904 0.03673 0.62055 0.72042
0.52814 0.19852 0.24526 0.74746
0.47231 0.00894 0.46344 0.48574
1.63043 0.01995 1.59542 1.65375
1.38563 0.01230 1.37156 1.40735
-0.59235 0.03801 -0.63864 -0.54030
