# avg	std	min	max
2.23942 0.04380 2.18414 2.28649
1.29181 0.04678 1.20032 1.33111
1.28270 0.04228 1.23526 1.34545
0.35346 0.03592 0.30333 0.40051
0.89152 0.03693 0.84835 0.95756
-0.09959 0.02616 -0.12809 -0.06419
-0.08655 0.00194 -0.08819 -0.08275
-0.61991 0.02557 -0.64371 -0.57578
5.20366 0.15655 4.97893 5.35922
1.33723 0.06295 1.29148 1.45603
1.79502 0.03703 1.73837 1.83319
1.83037 0.01936 1.79193 1.84369
0.00113 0.00104 0.00000 0.00263
1.69738 0.00106 1.69555 1.69847
0.70721 0.04566 0.66787 0.78256
1.93793 0.06482 1.85207 2.04289
1.23542 0.01974 1.20157 1.25911
0.50252 0.09335 0.41159 0.65329
0.72272 0.02081 0.69769 0.75256
1.20726 0.03692 1.17200 1.25837
1.63750 0.02811 1.58177 1.65838
1.63107 0.16706 1.46970 1.88240
-0.39901 0.01969 -0.43615 -0.38141
