# avg	std	min	max
1.87901 0.00000 1.87901 1.87901
0.00000 0.00000 0.00000 0.00000
2.58696 0.00000 2.58696 2.58696
6.71242 0.00000 6.71242 6.71242
5.74343 0.00000 5.74343 5.74343
4.32111 0.00000 4.32111 4.32111
18.71956 0.00000 18.71956 18.71956
33.59456 0.00000 33.59456 33.59456
4.07235 0.00000 4.07235 4.07235
-0.09063 0.00000 -0.09063 -0.09063
0.61312 0.00000 0.61312 0.61312
1.97212 0.00000 1.97212 1.97212
23.68760 0.00000 23.68760 23.68760
6.86290 0.00000 6.86290 6.86290
8.96161 0.00000 8.96161 8.96161
7.96757 0.00000 7.96757 7.96757
8.79796 0.00000 8.79796 8.79796
10.47373 0.00000 10.47373 10.47373
14.27903 0.00000 14.27903 14.27903
21.71112 0.00000 21.71112 21.71112
15.34294 0.00000 15.34294 15.34294
19.90994 0.00000 19.90994 19.90994
17.98018 0.00000 17.98018 17.98018
