# avg	std	min	max
0.25569 0.00000 0.25569 0.25569
0.00000 0.00000 0.00000 0.00000
-0.05648 0.00000 -0.05648 -0.05648
0.05512 0.00000 0.05512 0.05512
-0.32243 0.00000 -0.32243 -0.32243
-0.50159 0.00000 -0.50159 -0.50159
0.09436 0.00000 0.09436 0.09436
-0.03362 0.00000 -0.03362 -0.03362
-0.97689 0.00000 -0.97689 -0.97689
-1.04145 0.00000 -1.04145 -1.04145
-1.05398 0.00000 -1.05398 -1.05398
-0.50381 0.00000 -0.50381 -0.50381
0.13051 0.00000 0.13051 0.13051
-0.33977 0.00000 -0.33977 -0.33977
-0.88337 0.00000 -0.88337 -0.88337
0.10140 0.00000 0.10140 0.10140
-0.25949 0.00000 -0.25949 -0.25949
-0.57962 0.00000 -0.57962 -0.57962
-1.17121 0.00000 -1.17121 -1.17121
0.19419 0.00000 0.19419 0.19419
0.06518 0.00000 0.06518 0.06518
0.18932 0.00000 0.18932 0.18932
-0.21635 0.00000 -0.21635 -0.21635
