# avg	std	min	max
1.59447 0.00000 1.59447 1.59447
0.00000 0.00000 0.00000 0.00000
4.76821 0.00000 4.76821 4.76821
5.88397 0.00000 5.88397 5.88397
7.54269 0.00000 7.54269 7.54269
4.94636 0.00000 4.94636 4.94636
10.91550 0.00000 10.91550 10.91550
23.23102 0.00000 23.23102 23.23102
-0.27283 0.00000 -0.27283 -0.27283
1.01349 0.00000 1.01349 1.01349
3.30381 0.00000 3.30381 3.30381
2.43828 0.00000 2.43828 2.43828
11.49316 0.00000 11.49316 11.49316
6.96737 0.00000 6.96737 6.96737
6.36506 0.00000 6.36506 6.36506
9.20951 0.00000 9.20951 9.20951
8.18633 0.00000 8.18633 8.18633
8.89859 0.00000 8.89859 8.89859
6.82060 0.00000 6.82060 6.82060
18.76016 0.00000 18.76016 18.76016
18.25652 0.00000 18.25652 18.25652
20.48804 0.00000 20.48804 20.48804
17.60558 0.00000 17.60558 17.60558
