# avg	std	min	max
0.64981 0.00000 0.64981 0.64981
-0.00000 0.00000 -0.00000 -0.00000
0.50656 0.00000 0.50656 0.50656
-0.72969 0.00000 -0.72969 -0.72969
0.16953 0.00000 0.16953 0.16953
-1.41579 0.00000 -1.41579 -1.41579
-1.17704 0.00000 -1.17704 -1.17704
-0.93977 0.00000 -0.93977 -0.93977
3.42758 0.00000 3.42758 3.42758
0.04474 0.00000 0.04474 0.04474
0.18210 0.00000 0.18210 0.18210
0.39575 0.00000 0.39575 0.39575
-0.62299 0.00000 -0.62299 -0.62299
-0.18260 0.00000 -0.18260 -0.18260
-0.56796 0.00000 -0.56796 -0.56796
0.31713 0.00000 0.31713 0.31713
-0.25068 0.00000 -0.25068 -0.25068
-0.69944 0.00000 -0.69944 -0.69944
-0.98093 0.00000 -0.98093 -0.98093
0.26741 0.00000 0.26741 0.26741
0.07808 0.00000 0.07808 0.07808
0.56207 0.00000 0.56207 0.56207
-1.49152 0.00000 -1.49152 -1.49152
