# avg	std	min	max
2.49483 0.00000 2.49483 2.49483
0.00000 0.00000 0.00000 0.00000
1.67239 0.00000 1.67239 1.67239
5.91367 0.00000 5.91367 5.91367
4.76992 0.00000 4.76992 4.76992
7.23896 0.00000 7.23896 7.23896
15.32228 0.00000 15.32228 15.32228
26.22848 0.00000 26.22848 26.22848
7.09479 0.00000 7.09479 7.09479
1.34618 0.00000 1.34618 1.34618
1.54468 0.00000 1.54468 1.54468
1.74788 0.00000 1.74788 1.74788
24.54822 0.00000 24.54822 24.54822
5.35297 0.00000 5.35297 5.35297
9.11278 0.00000 9.11278 9.11278
7.97507 0.00000 7.97507 7.97507
9.64432 0.00000 9.64432 9.64432
9.98070 0.00000 9.98070 9.98070
7.61590 0.00000 7.61590 7.61590
17.16789 0.00000 17.16789 17.16789
16.58974 0.00000 16.58974 16.58974
17.81866 0.00000 17.81866 17.81866
27.74536 0.00000 27.74536 27.74536
