# avg	std	min	max
0.70868 0.00000 0.70868 0.70868
0.00000 0.00000 0.00000 0.00000
0.45187 0.00000 0.45187 0.45187
-0.18291 0.00000 -0.18291 -0.18291
-0.04820 0.00000 -0.04820 -0.04820
-0.29829 0.00000 -0.29829 -0.29829
-0.27327 0.00000 -0.27327 -0.27327
-0.69282 0.00000 -0.69282 -0.69282
2.91742 0.00000 2.91742 2.91742
0.00138 0.00000 0.00138 0.00138
0.57097 0.00000 0.57097 0.57097
0.69993 0.00000 0.69993 0.69993
-0.18612 0.00000 -0.18612 -0.18612
-0.10978 0.00000 -0.10978 -0.10978
-0.20760 0.00000 -0.20760 -0.20760
1.13902 0.00000 1.13902 1.13902
1.08430 0.00000 1.08430 1.08430
-0.18123 0.00000 -0.18123 -0.18123
-0.70419 0.00000 -0.70419 -0.70419
-0.17079 0.00000 -0.17079 -0.17079
1.25316 0.00000 1.25316 1.25316
1.30467 0.00000 1.30467 1.30467
0.23664 0.00000 0.23664 0.23664
