# avg	std	min	max
1.85338 0.00000 1.85338 1.85338
-0.00000 0.00000 -0.00000 -0.00000
3.94376 0.00000 3.94376 3.94376
1.12636 0.00000 1.12636 1.12636
3.97704 0.00000 3.97704 3.97704
0.09518 0.00000 0.09518 0.09518
4.73797 0.00000 4.73797 4.73797
7.70494 0.00000 7.70494 7.70494
7.48240 0.00000 7.48240 7.48240
0.80730 0.00000 0.80730 0.80730
4.29121 0.00000 4.29121 4.29121
1.82137 0.00000 1.82137 1.82137
4.37931 0.00000 4.37931 4.37931
4.28221 0.00000 4.28221 4.28221
3.98455 0.00000 3.98455 3.98455
6.84776 0.00000 6.84776 6.84776
5.95319 0.00000 5.95319 5.95319
2.42763 0.00000 2.42763 2.42763
1.74440 0.00000 1.74440 1.74440
6.87711 0.00000 6.87711 6.87711
7.58649 0.00000 7.58649 7.58649
12.14420 0.00000 12.14420 12.14420
6.09054 0.00000 6.09054 6.09054
