# avg	std	min	max
0.28285 0.00000 0.28285 0.28285
0.00000 0.00000 0.00000 0.00000
-0.24911 0.00000 -0.24911 -0.24911
-0.44008 0.00000 -0.44008 -0.44008
-0.53450 0.00000 -0.53450 -0.53450
-0.29381 0.00000 -0.29381 -0.29381
-0.43378 0.00000 -0.43378 -0.43378
-0.54615 0.00000 -0.54615 -0.54615
0.18189 0.00000 0.18189 0.18189
-0.01752 0.00000 -0.01752 -0.01752
-0.67474 0.00000 -0.67474 -0.67474
-0.33865 0.00000 -0.33865 -0.33865
-0.48934 0.00000 -0.48934 -0.48934
-0.69935 0.00000 -0.69935 -0.69935
-0.65315 0.00000 -0.65315 -0.65315
-0.41392 0.00000 -0.41392 -0.41392
-0.62156 0.00000 -0.62156 -0.62156
-0.73289 0.00000 -0.73289 -0.73289
-0.89678 0.00000 -0.89678 -0.89678
-0.22240 0.00000 -0.22240 -0.22240
-0.54461 0.00000 -0.54461 -0.54461
-0.35943 0.00000 -0.35943 -0.35943
-0.72506 0.00000 -0.72506 -0.72506
