# avg	std	min	max
0.17937 0.00000 0.17937 0.17937
0.00000 0.00000 0.00000 0.00000
0.09167 0.00000 0.09167 0.09167
-0.02082 0.00000 -0.02082 -0.02082
0.14155 0.00000 0.14155 0.14155
0.09306 0.00000 0.09306 0.09306
-0.09740 0.00000 -0.09740 -0.09740
0.08872 0.00000 0.08872 0.08872
-0.56388 0.00000 -0.56388 -0.56388
-0.42460 0.00000 -0.42460 -0.42460
0.03146 0.00000 0.03146 0.03146
0.16361 0.00000 0.16361 0.16361
-0.11054 0.00000 -0.11054 -0.11054
-0.12262 0.00000 -0.12262 -0.12262
-0.19213 0.00000 -0.19213 -0.19213
0.06731 0.00000 0.06731 0.06731
-0.44398 0.00000 -0.44398 -0.44398
-0.09860 0.00000 -0.09860 -0.09860
-0.62310 0.00000 -0.62310 -0.62310
0.04677 0.00000 0.04677 0.04677
0.16324 0.00000 0.16324 0.16324
0.18787 0.00000 0.18787 0.18787
-0.15937 0.00000 -0.15937 -0.15937
