# avg	std	min	max
0.13843 0.00000 0.13843 0.13843
0.00000 0.00000 0.00000 0.00000
-0.14139 0.00000 -0.14139 -0.14139
-0.19911 0.00000 -0.19911 -0.19911
-0.29174 0.00000 -0.29174 -0.29174
-0.18786 0.00000 -0.18786 -0.18786
-0.09937 0.00000 -0.09937 -0.09937
0.01850 0.00000 0.01850 0.01850
0.17165 0.00000 0.17165 0.17165
-0.18605 0.00000 -0.18605 -0.18605
-0.19911 0.00000 -0.19911 -0.19911
-0.03202 0.00000 -0.03202 -0.03202
-0.12299 0.00000 -0.12299 -0.12299
-0.11472 0.00000 -0.11472 -0.11472
-0.16636 0.00000 -0.16636 -0.16636
-1.34545 0.00000 -1.34545 -1.34545
-1.24134 0.00000 -1.24134 -1.24134
-0.17193 0.00000 -0.17193 -0.17193
-0.10037 0.00000 -0.10037 -0.10037
0.02304 0.00000 0.02304 0.02304
-1.61700 0.00000 -1.61700 -1.61700
-0.53343 0.00000 -0.53343 -0.53343
-1.02659 0.00000 -1.02659 -1.02659
