# avg	std	min	max
-0.04503 0.00000 -0.04503 -0.04503
0.00000 0.00000 0.00000 0.00000
-0.27719 0.00000 -0.27719 -0.27719
-0.16619 0.00000 -0.16619 -0.16619
-0.24566 0.00000 -0.24566 -0.24566
-0.15555 0.00000 -0.15555 -0.15555
-0.40241 0.00000 -0.40241 -0.40241
-0.23187 0.00000 -0.23187 -0.23187
2.61587 0.00000 2.61587 2.61587
-0.16355 0.00000 -0.16355 -0.16355
-0.37759 0.00000 -0.37759 -0.37759
-0.17173 0.00000 -0.17173 -0.17173
-0.42101 0.00000 -0.42101 -0.42101
-0.04046 0.00000 -0.04046 -0.04046
-0.42523 0.00000 -0.42523 -0.42523
-0.05882 0.00000 -0.05882 -0.05882
-0.33034 0.00000 -0.33034 -0.33034
-0.36901 0.00000 -0.36901 -0.36901
-0.56897 0.00000 -0.56897 -0.56897
-0.07047 0.00000 -0.07047 -0.07047
-0.33318 0.00000 -0.33318 -0.33318
-0.43158 0.00000 -0.43158 -0.43158
-1.12524 0.00000 -1.12524 -1.12524
