# avg	std	min	max
-0.08699 0.00000 -0.08699 -0.08699
0.00000 0.00000 0.00000 0.00000
-0.13875 0.00000 -0.13875 -0.13875
-1.06065 0.00000 -1.06065 -1.06065
-0.05536 0.00000 -0.05536 -0.05536
-0.82483 0.00000 -0.82483 -0.82483
-0.56195 0.00000 -0.56195 -0.56195
-0.35950 0.00000 -0.35950 -0.35950
-0.44157 0.00000 -0.44157 -0.44157
0.05108 0.00000 0.05108 0.05108
-0.17366 0.00000 -0.17366 -0.17366
-0.29917 0.00000 -0.29917 -0.29917
-0.19440 0.00000 -0.19440 -0.19440
-0.48648 0.00000 -0.48648 -0.48648
-0.58311 0.00000 -0.58311 -0.58311
-0.74153 0.00000 -0.74153 -0.74153
-0.65073 0.00000 -0.65073 -0.65073
-0.61976 0.00000 -0.61976 -0.61976
-0.42910 0.00000 -0.42910 -0.42910
-0.00478 0.00000 -0.00478 -0.00478
-0.51002 0.00000 -0.51002 -0.51002
-0.71578 0.00000 -0.71578 -0.71578
-0.60532 0.00000 -0.60532 -0.60532
