# avg	std	min	max
0.22169 0.00000 0.22169 0.22169
0.00000 0.00000 0.00000 0.00000
0.76090 0.00000 0.76090 0.76090
0.26451 0.00000 0.26451 0.26451
0.07055 0.00000 0.07055 0.07055
0.23261 0.00000 0.23261 0.23261
0.27924 0.00000 0.27924 0.27924
0.25345 0.00000 0.25345 0.25345
-0.72632 0.00000 -0.72632 -0.72632
0.29329 0.00000 0.29329 0.29329
0.78652 0.00000 0.78652 0.78652
0.41264 0.00000 0.41264 0.41264
0.28129 0.00000 0.28129 0.28129
0.35843 0.00000 0.35843 0.35843
0.06990 0.00000 0.06990 0.06990
-0.13967 0.00000 -0.13967 -0.13967
-0.19606 0.00000 -0.19606 -0.19606
0.29746 0.00000 0.29746 0.29746
0.30319 0.00000 0.30319 0.30319
0.37558 0.00000 0.37558 0.37558
-0.23232 0.00000 -0.23232 -0.23232
0.42617 0.00000 0.42617 0.42617
-0.19508 0.00000 -0.19508 -0.19508
