# avg	std	min	max
0.12494 0.00000 0.12494 0.12494
0.00000 0.00000 0.00000 0.00000
0.13308 0.00000 0.13308 0.13308
-0.20041 0.00000 -0.20041 -0.20041
0.01911 0.00000 0.01911 0.01911
-0.41570 0.00000 -0.41570 -0.41570
-0.61597 0.00000 -0.61597 -0.61597
-0.99507 0.00000 -0.99507 -0.99507
-0.95429 0.00000 -0.95429 -0.95429
0.13781 0.00000 0.13781 0.13781
0.07600 0.00000 0.07600 0.07600
0.20399 0.00000 0.20399 0.20399
-0.69605 0.00000 -0.69605 -0.69605
0.15377 0.00000 0.15377 0.15377
0.09013 0.00000 0.09013 0.09013
-0.06456 0.00000 -0.06456 -0.06456
-0.31743 0.00000 -0.31743 -0.31743
-0.04809 0.00000 -0.04809 -0.04809
-0.31999 0.00000 -0.31999 -0.31999
0.06894 0.00000 0.06894 0.06894
-0.20811 0.00000 -0.20811 -0.20811
-0.11054 0.00000 -0.11054 -0.11054
-0.48824 0.00000 -0.48824 -0.48824
