# avg	std	min	max
0.13393 0.00000 0.13393 0.13393
0.00000 0.00000 0.00000 0.00000
0.22228 0.00000 0.22228 0.22228
0.08213 0.00000 0.08213 0.08213
0.08438 0.00000 0.08438 0.08438
0.19026 0.00000 0.19026 0.19026
-0.19714 0.00000 -0.19714 -0.19714
-0.12927 0.00000 -0.12927 -0.12927
-0.98268 0.00000 -0.98268 -0.98268
0.09050 0.00000 0.09050 0.09050
0.14760 0.00000 0.14760 0.14760
0.24691 0.00000 0.24691 0.24691
-0.15243 0.00000 -0.15243 -0.15243
-0.06379 0.00000 -0.06379 -0.06379
-0.13266 0.00000 -0.13266 -0.13266
0.15113 0.00000 0.15113 0.15113
0.08304 0.00000 0.08304 0.08304
-0.11770 0.00000 -0.11770 -0.11770
-0.08248 0.00000 -0.08248 -0.08248
-0.06984 0.00000 -0.06984 -0.06984
0.17474 0.00000 0.17474 0.17474
0.31239 0.00000 0.31239 0.31239
-0.15189 0.00000 -0.15189 -0.15189
