# avg	std	min	max
0.93664 0.00000 0.93664 0.93664
-0.00000 0.00000 -0.00000 -0.00000
-0.11460 0.00000 -0.11460 -0.11460
-1.22665 0.00000 -1.22665 -1.22665
-0.49691 0.00000 -0.49691 -0.49691
-0.85672 0.00000 -0.85672 -0.85672
-0.63966 0.00000 -0.63966 -0.63966
-0.62620 0.00000 -0.62620 -0.62620
0.85007 0.00000 0.85007 0.85007
0.56265 0.00000 0.56265 0.56265
0.33616 0.00000 0.33616 0.33616
0.24041 0.00000 0.24041 0.24041
-0.61896 0.00000 -0.61896 -0.61896
0.18860 0.00000 0.18860 0.18860
-0.70619 0.00000 -0.70619 -0.70619
0.28131 0.00000 0.28131 0.28131
-0.34138 0.00000 -0.34138 -0.34138
-1.01168 0.00000 -1.01168 -1.01168
-0.90006 0.00000 -0.90006 -0.90006
-0.09487 0.00000 -0.09487 -0.09487
0.10548 0.00000 0.10548 0.10548
-0.11850 0.00000 -0.11850 -0.11850
-0.55842 0.00000 -0.55842 -0.55842
