# avg	std	min	max
1.70853 0.00000 1.70853 1.70853
0.00000 0.00000 0.00000 0.00000
0.40830 0.00000 0.40830 0.40830
-0.04281 0.00000 -0.04281 -0.04281
2.17427 0.00000 2.17427 2.17427
-0.16590 0.00000 -0.16590 -0.16590
-0.04444 0.00000 -0.04444 -0.04444
1.42429 0.00000 1.42429 1.42429
1.90183 0.00000 1.90183 1.90183
0.25313 0.00000 0.25313 0.25313
0.24103 0.00000 0.24103 0.24103
0.04855 0.00000 0.04855 0.04855
-0.06122 0.00000 -0.06122 -0.06122
-0.29887 0.00000 -0.29887 -0.29887
-0.48264 0.00000 -0.48264 -0.48264
-0.10863 0.00000 -0.10863 -0.10863
0.06938 0.00000 0.06938 0.06938
-0.60278 0.00000 -0.60278 -0.60278
-0.76452 0.00000 -0.76452 -0.76452
-0.44845 0.00000 -0.44845 -0.44845
0.43932 0.00000 0.43932 0.43932
0.59142 0.00000 0.59142 0.59142
-0.33784 0.00000 -0.33784 -0.33784
