# avg	std	min	max
-0.36064 0.00000 -0.36064 -0.36064
0.00000 0.00000 0.00000 0.00000
0.46840 0.00000 0.46840 0.46840
-0.21240 0.00000 -0.21240 -0.21240
0.31963 0.00000 0.31963 0.31963
-0.09443 0.00000 -0.09443 -0.09443
-0.08155 0.00000 -0.08155 -0.08155
-0.34334 0.00000 -0.34334 -0.34334
1.59221 0.00000 1.59221 1.59221
-0.69414 0.00000 -0.69414 -0.69414
0.77326 0.00000 0.77326 0.77326
0.20218 0.00000 0.20218 0.20218
-0.06997 0.00000 -0.06997 -0.06997
-0.40655 0.00000 -0.40655 -0.40655
-0.46369 0.00000 -0.46369 -0.46369
-0.01785 0.00000 -0.01785 -0.01785
-0.27930 0.00000 -0.27930 -0.27930
-0.39885 0.00000 -0.39885 -0.39885
-0.50792 0.00000 -0.50792 -0.50792
0.09282 0.00000 0.09282 0.09282
-0.32236 0.00000 -0.32236 -0.32236
0.60070 0.00000 0.60070 0.60070
-0.96685 0.00000 -0.96685 -0.96685
