# avg	std	min	max
0.73007 0.00000 0.73007 0.73007
0.00000 0.00000 0.00000 0.00000
0.57326 0.00000 0.57326 0.57326
-0.05875 0.00000 -0.05875 -0.05875
-0.03308 0.00000 -0.03308 -0.03308
-0.19158 0.00000 -0.19158 -0.19158
-0.19640 0.00000 -0.19640 -0.19640
-0.35436 0.00000 -0.35436 -0.35436
3.64840 0.00000 3.64840 3.64840
0.36626 0.00000 0.36626 0.36626
0.80345 0.00000 0.80345 0.80345
0.83072 0.00000 0.83072 0.83072
-0.20962 0.00000 -0.20962 -0.20962
0.17065 0.00000 0.17065 0.17065
0.17653 0.00000 0.17653 0.17653
0.43424 0.00000 0.43424 0.43424
0.17661 0.00000 0.17661 0.17661
-0.19812 0.00000 -0.19812 -0.19812
-0.44774 0.00000 -0.44774 -0.44774
0.40760 0.00000 0.40760 0.40760
0.39251 0.00000 0.39251 0.39251
0.37327 0.00000 0.37327 0.37327
-0.58942 0.00000 -0.58942 -0.58942
