# avg	std	min	max
0.84609 0.00000 0.84609 0.84609
0.00000 0.00000 0.00000 0.00000
0.33655 0.00000 0.33655 0.33655
-0.18306 0.00000 -0.18306 -0.18306
0.19708 0.00000 0.19708 0.19708
-0.31849 0.00000 -0.31849 -0.31849
0.02940 0.00000 0.02940 0.02940
0.04585 0.00000 0.04585 0.04585
1.00652 0.00000 1.00652 1.00652
0.19172 0.00000 0.19172 0.19172
0.58173 0.00000 0.58173 0.58173
0.76721 0.00000 0.76721 0.76721
-0.05937 0.00000 -0.05937 -0.05937
0.77318 0.00000 0.77318 0.77318
-0.04854 0.00000 -0.04854 -0.04854
1.22208 0.00000 1.22208 1.22208
0.74203 0.00000 0.74203 0.74203
-0.23377 0.00000 -0.23377 -0.23377
-0.52186 0.00000 -0.52186 -0.52186
1.03129 0.00000 1.03129 1.03129
1.19442 0.00000 1.19442 1.19442
1.60117 0.00000 1.60117 1.60117
0.67930 0.00000 0.67930 0.67930
