# avg	std	min	max
0.63575 0.00000 0.63575 0.63575
0.00000 0.00000 0.00000 0.00000
0.15658 0.00000 0.15658 0.15658
-0.26891 0.00000 -0.26891 -0.26891
-0.22640 0.00000 -0.22640 -0.22640
-0.44725 0.00000 -0.44725 -0.44725
0.14714 0.00000 0.14714 0.14714
-0.00653 0.00000 -0.00653 -0.00653
-0.96262 0.00000 -0.96262 -0.96262
0.38611 0.00000 0.38611 0.38611
0.28444 0.00000 0.28444 0.28444
0.64596 0.00000 0.64596 0.64596
0.11236 0.00000 0.11236 0.11236
0.32095 0.00000 0.32095 0.32095
-0.50606 0.00000 -0.50606 -0.50606
-0.06593 0.00000 -0.06593 -0.06593
-1.02946 0.00000 -1.02946 -1.02946
-0.45953 0.00000 -0.45953 -0.45953
-0.49402 0.00000 -0.49402 -0.49402
0.29137 0.00000 0.29137 0.29137
-0.11197 0.00000 -0.11197 -0.11197
-0.06244 0.00000 -0.06244 -0.06244
-0.38582 0.00000 -0.38582 -0.38582
