# avg	std	min	max
1.35628 0.00000 1.35628 1.35628
-0.52676 0.00000 -0.52676 -0.52676
-1.75367 0.00000 -1.75367 -1.75367
3.17705 0.00000 3.17705 3.17705
0.18758 0.00000 0.18758 0.18758
0.84650 0.00000 0.84650 0.84650
8.41602 0.00000 8.41602 8.41602
3.84862 0.00000 3.84862 3.84862
4.86944 0.00000 4.86944 4.86944
1.21726 0.00000 1.21726 1.21726
0.56198 0.00000 0.56198 0.56198
-0.00067 0.00000 -0.00067 -0.00067
8.64744 0.00000 8.64744 8.64744
3.55888 0.00000 3.55888 3.55888
3.25024 0.00000 3.25024 3.25024
3.70192 0.00000 3.70192 3.70192
2.14199 0.00000 2.14199 2.14199
2.51390 0.00000 2.51390 2.51390
2.59468 0.00000 2.59468 2.59468
8.72502 0.00000 8.72502 8.72502
6.73340 0.00000 6.73340 6.73340
10.31044 0.00000 10.31044 10.31044
6.86087 0.00000 6.86087 6.86087
