# avg	std	min	max
-0.06355 0.00000 -0.06355 -0.06355
0.15312 0.00000 0.15312 0.15312
-0.00617 0.00000 -0.00617 -0.00617
-0.09663 0.00000 -0.09663 -0.09663
-0.16383 0.00000 -0.16383 -0.16383
-0.19697 0.00000 -0.19697 -0.19697
-0.32707 0.00000 -0.32707 -0.32707
-0.06656 0.00000 -0.06656 -0.06656
1.27266 0.00000 1.27266 1.27266
0.09967 0.00000 0.09967 0.09967
-0.08437 0.00000 -0.08437 -0.08437
0.00191 0.00000 0.00191 0.00191
-0.29069 0.00000 -0.29069 -0.29069
-0.28992 0.00000 -0.28992 -0.28992
-0.35796 0.00000 -0.35796 -0.35796
-0.32248 0.00000 -0.32248 -0.32248
-0.09763 0.00000 -0.09763 -0.09763
-0.58025 0.00000 -0.58025 -0.58025
-0.44312 0.00000 -0.44312 -0.44312
-0.15617 0.00000 -0.15617 -0.15617
0.07202 0.00000 0.07202 0.07202
0.00014 0.00000 0.00014 0.00014
-0.65890 0.00000 -0.65890 -0.65890
