# avg	std	min	max
0.23972 0.00000 0.23972 0.23972
-0.55234 0.00000 -0.55234 -0.55234
-0.23339 0.00000 -0.23339 -0.23339
-1.44247 0.00000 -1.44247 -1.44247
-0.71041 0.00000 -0.71041 -0.71041
-1.14711 0.00000 -1.14711 -1.14711
-0.82823 0.00000 -0.82823 -0.82823
-1.50262 0.00000 -1.50262 -1.50262
2.21185 0.00000 2.21185 2.21185
-0.46479 0.00000 -0.46479 -0.46479
0.09175 0.00000 0.09175 0.09175
0.00008 0.00000 0.00008 0.00008
-0.89063 0.00000 -0.89063 -0.89063
-0.88608 0.00000 -0.88608 -0.88608
-1.10866 0.00000 -1.10866 -1.10866
-0.27013 0.00000 -0.27013 -0.27013
-0.74075 0.00000 -0.74075 -0.74075
-1.49216 0.00000 -1.49216 -1.49216
-1.55688 0.00000 -1.55688 -1.55688
-0.43483 0.00000 -0.43483 -0.43483
-0.51991 0.00000 -0.51991 -0.51991
-0.15506 0.00000 -0.15506 -0.15506
-1.46066 0.00000 -1.46066 -1.46066
