# avg	std	min	max
1.16723 0.00000 1.16723 1.16723
0.73368 0.00000 0.73368 0.73368
0.90282 0.00000 0.90282 0.90282
0.61752 0.00000 0.61752 0.61752
0.33370 0.00000 0.33370 0.33370
0.72129 0.00000 0.72129 0.72129
0.50953 0.00000 0.50953 0.50953
1.16470 0.00000 1.16470 1.16470
0.59156 0.00000 0.59156 0.59156
0.59799 0.00000 0.59799 0.59799
0.69125 0.00000 0.69125 0.69125
1.00287 0.00000 1.00287 1.00287
-0.10127 0.00000 -0.10127 -0.10127
0.64032 0.00000 0.64032 0.64032
0.31061 0.00000 0.31061 0.31061
0.00321 0.00000 0.00321 0.00321
-0.36763 0.00000 -0.36763 -0.36763
0.21693 0.00000 0.21693 0.21693
0.47542 0.00000 0.47542 0.47542
1.17688 0.00000 1.17688 1.17688
-0.02687 0.00000 -0.02687 -0.02687
0.65327 0.00000 0.65327 0.65327
-0.05389 0.00000 -0.05389 -0.05389
