# avg	std	min	max
4.15275 0.00000 4.15275 4.15275
2.87452 0.00000 2.87452 2.87452
3.91614 0.00000 3.91614 3.91614
3.02820 0.00000 3.02820 3.02820
3.93772 0.00000 3.93772 3.93772
2.89902 0.00000 2.89902 2.89902
4.20804 0.00000 4.20804 4.20804
3.55868 0.00000 3.55868 3.55868
3.17829 0.00000 3.17829 3.17829
3.78098 0.00000 3.78098 3.78098
3.62938 0.00000 3.62938 3.62938
3.56233 0.00000 3.56233 3.56233
4.43175 0.00000 4.43175 4.43175
3.81009 0.00000 3.81009 3.81009
2.83471 0.00000 2.83471 2.83471
-0.01339 0.00000 -0.01339 -0.01339
1.10939 0.00000 1.10939 1.10939
3.06075 0.00000 3.06075 3.06075
3.14447 0.00000 3.14447 3.14447
3.99663 0.00000 3.99663 3.99663
0.95624 0.00000 0.95624 0.95624
3.28192 0.00000 3.28192 3.28192
3.14090 0.00000 3.14090 3.14090
