# avg	std	min	max
1.43767 0.00000 1.43767 1.43767
0.39138 0.00000 0.39138 0.39138
0.73262 0.00000 0.73262 0.73262
-0.26850 0.00000 -0.26850 -0.26850
0.17262 0.00000 0.17262 0.17262
0.14012 0.00000 0.14012 0.14012
-0.19290 0.00000 -0.19290 -0.19290
-0.40223 0.00000 -0.40223 -0.40223
0.58409 0.00000 0.58409 0.58409
0.78514 0.00000 0.78514 0.78514
0.79383 0.00000 0.79383 0.79383
1.03047 0.00000 1.03047 1.03047
-0.12488 0.00000 -0.12488 -0.12488
0.82106 0.00000 0.82106 0.82106
0.19256 0.00000 0.19256 0.19256
-0.00944 0.00000 -0.00944 -0.00944
0.10577 0.00000 0.10577 0.10577
-0.06038 0.00000 -0.06038 -0.06038
-0.08846 0.00000 -0.08846 -0.08846
0.66609 0.00000 0.66609 0.66609
-0.32348 0.00000 -0.32348 -0.32348
-0.07670 0.00000 -0.07670 -0.07670
-0.59031 0.00000 -0.59031 -0.59031
