# avg	std	min	max
0.38000 0.00000 0.38000 0.38000
0.15571 0.00000 0.15571 0.15571
0.36435 0.00000 0.36435 0.36435
-0.12838 0.00000 -0.12838 -0.12838
0.19686 0.00000 0.19686 0.19686
-0.04657 0.00000 -0.04657 -0.04657
-0.02987 0.00000 -0.02987 -0.02987
-0.11928 0.00000 -0.11928 -0.11928
-0.98113 0.00000 -0.98113 -0.98113
0.33022 0.00000 0.33022 0.33022
0.41264 0.00000 0.41264 0.41264
0.34231 0.00000 0.34231 0.34231
-0.07520 0.00000 -0.07520 -0.07520
0.24897 0.00000 0.24897 0.24897
-0.19262 0.00000 -0.19262 -0.19262
-0.00405 0.00000 -0.00405 -0.00405
-0.53072 0.00000 -0.53072 -0.53072
-0.16688 0.00000 -0.16688 -0.16688
-0.28237 0.00000 -0.28237 -0.28237
0.24010 0.00000 0.24010 0.24010
-0.28314 0.00000 -0.28314 -0.28314
-0.16122 0.00000 -0.16122 -0.16122
-0.64445 0.00000 -0.64445 -0.64445
