# avg	std	min	max
0.83126 0.00000 0.83126 0.83126
-0.33173 0.00000 -0.33173 -0.33173
-0.11481 0.00000 -0.11481 -0.11481
-0.64313 0.00000 -0.64313 -0.64313
-0.56365 0.00000 -0.56365 -0.56365
-0.92966 0.00000 -0.92966 -0.92966
-0.68681 0.00000 -0.68681 -0.68681
-0.85308 0.00000 -0.85308 -0.85308
3.88527 0.00000 3.88527 3.88527
-0.19495 0.00000 -0.19495 -0.19495
0.02546 0.00000 0.02546 0.02546
0.58090 0.00000 0.58090 0.58090
-0.56673 0.00000 -0.56673 -0.56673
0.20581 0.00000 0.20581 0.20581
-0.51589 0.00000 -0.51589 -0.51589
0.00115 0.00000 0.00115 0.00115
-0.38531 0.00000 -0.38531 -0.38531
-0.51866 0.00000 -0.51866 -0.51866
-0.51148 0.00000 -0.51148 -0.51148
0.15731 0.00000 0.15731 0.15731
-0.04042 0.00000 -0.04042 -0.04042
1.06002 0.00000 1.06002 1.06002
-0.86811 0.00000 -0.86811 -0.86811
