# avg	std	min	max
0.88861 0.00000 0.88861 0.88861
0.80144 0.00000 0.80144 0.80144
0.86633 0.00000 0.86633 0.86633
0.75110 0.00000 0.75110 0.75110
0.83571 0.00000 0.83571 0.83571
0.89710 0.00000 0.89710 0.89710
0.86596 0.00000 0.86596 0.86596
0.78356 0.00000 0.78356 0.78356
0.51826 0.00000 0.51826 0.51826
0.60335 0.00000 0.60335 0.60335
0.82655 0.00000 0.82655 0.82655
0.80751 0.00000 0.80751 0.80751
0.91082 0.00000 0.91082 0.91082
0.42960 0.00000 0.42960 0.42960
0.47674 0.00000 0.47674 0.47674
-0.00635 0.00000 -0.00635 -0.00635
0.22975 0.00000 0.22975 0.22975
0.81820 0.00000 0.81820 0.81820
0.70146 0.00000 0.70146 0.70146
0.56225 0.00000 0.56225 0.56225
0.53258 0.00000 0.53258 0.53258
0.99002 0.00000 0.99002 0.99002
0.50165 0.00000 0.50165 0.50165
