# avg	std	min	max
3.71224 0.00000 3.71224 3.71224
3.60341 0.00000 3.60341 3.60341
3.83038 0.00000 3.83038 3.83038
3.32646 0.00000 3.32646 3.32646
3.42645 0.00000 3.42645 3.42645
3.53282 0.00000 3.53282 3.53282
2.33860 0.00000 2.33860 2.33860
2.89533 0.00000 2.89533 2.89533
1.60500 0.00000 1.60500 1.60500
2.34608 0.00000 2.34608 2.34608
3.35605 0.00000 3.35605 3.35605
3.56895 0.00000 3.56895 3.56895
2.56517 0.00000 2.56517 2.56517
0.95451 0.00000 0.95451 0.95451
2.91113 0.00000 2.91113 2.91113
-0.06413 0.00000 -0.06413 -0.06413
2.41950 0.00000 2.41950 2.41950
3.35543 0.00000 3.35543 3.35543
3.64124 0.00000 3.64124 3.64124
3.18646 0.00000 3.18646 3.18646
1.09501 0.00000 1.09501 1.09501
3.30335 0.00000 3.30335 3.30335
2.69083 0.00000 2.69083 2.69083
