# avg	std	min	max
0.39481 0.00000 0.39481 0.39481
-1.22358 0.00000 -1.22358 -1.22358
-1.92351 0.00000 -1.92351 -1.92351
-2.56763 0.00000 -2.56763 -2.56763
-2.34206 0.00000 -2.34206 -2.34206
-1.86213 0.00000 -1.86213 -1.86213
-2.37076 0.00000 -2.37076 -2.37076
-1.42226 0.00000 -1.42226 -1.42226
3.03338 0.00000 3.03338 3.03338
-0.72573 0.00000 -0.72573 -0.72573
-0.64214 0.00000 -0.64214 -0.64214
-1.32747 0.00000 -1.32747 -1.32747
-1.41615 0.00000 -1.41615 -1.41615
0.16907 0.00000 0.16907 0.16907
-0.77311 0.00000 -0.77311 -0.77311
-0.00318 0.00000 -0.00318 -0.00318
-0.44430 0.00000 -0.44430 -0.44430
-1.15889 0.00000 -1.15889 -1.15889
-0.99261 0.00000 -0.99261 -0.99261
0.35730 0.00000 0.35730 0.35730
0.81756 0.00000 0.81756 0.81756
0.97671 0.00000 0.97671 0.97671
-1.35918 0.00000 -1.35918 -1.35918
