# avg	std	min	max
2.38065 0.00000 2.38065 2.38065
2.36963 0.00000 2.36963 2.36963
1.89719 0.00000 1.89719 1.89719
0.87567 0.00000 0.87567 0.87567
1.69587 0.00000 1.69587 1.69587
1.50771 0.00000 1.50771 1.50771
1.01459 0.00000 1.01459 1.01459
1.05352 0.00000 1.05352 1.05352
0.97532 0.00000 0.97532 0.97532
1.43586 0.00000 1.43586 1.43586
1.36905 0.00000 1.36905 1.36905
1.78790 0.00000 1.78790 1.78790
1.52378 0.00000 1.52378 1.52378
0.02352 0.00000 0.02352 0.02352
1.23138 0.00000 1.23138 1.23138
-0.04721 0.00000 -0.04721 -0.04721
1.27479 0.00000 1.27479 1.27479
1.57093 0.00000 1.57093 1.57093
1.71224 0.00000 1.71224 1.71224
2.11230 0.00000 2.11230 2.11230
1.62664 0.00000 1.62664 1.62664
1.56176 0.00000 1.56176 1.56176
0.95841 0.00000 0.95841 0.95841
