# avg	std	min	max
1.57430 0.00000 1.57430 1.57430
0.53797 0.00000 0.53797 0.53797
0.73526 0.00000 0.73526 0.73526
-0.29034 0.00000 -0.29034 -0.29034
-0.08204 0.00000 -0.08204 -0.08204
-0.16299 0.00000 -0.16299 -0.16299
0.57687 0.00000 0.57687 0.57687
0.48142 0.00000 0.48142 0.48142
2.70205 0.00000 2.70205 2.70205
0.81494 0.00000 0.81494 0.81494
1.09555 0.00000 1.09555 1.09555
1.23150 0.00000 1.23150 1.23150
0.06958 0.00000 0.06958 0.06958
0.52704 0.00000 0.52704 0.52704
0.19480 0.00000 0.19480 0.19480
0.50252 0.00000 0.50252 0.50252
-0.01932 0.00000 -0.01932 -0.01932
0.34894 0.00000 0.34894 0.34894
0.34969 0.00000 0.34969 0.34969
0.73216 0.00000 0.73216 0.73216
0.53852 0.00000 0.53852 0.53852
0.51990 0.00000 0.51990 0.51990
-0.36272 0.00000 -0.36272 -0.36272
