# avg	std	min	max
0.60719 0.00000 0.60719 0.60719
-0.17292 0.00000 -0.17292 -0.17292
0.44226 0.00000 0.44226 0.44226
-1.62693 0.00000 -1.62693 -1.62693
-0.08004 0.00000 -0.08004 -0.08004
-1.30900 0.00000 -1.30900 -1.30900
-1.21429 0.00000 -1.21429 -1.21429
-0.93761 0.00000 -0.93761 -0.93761
0.21796 0.00000 0.21796 0.21796
0.46694 0.00000 0.46694 0.46694
-0.60138 0.00000 -0.60138 -0.60138
0.08959 0.00000 0.08959 0.08959
-1.38457 0.00000 -1.38457 -1.38457
0.48967 0.00000 0.48967 0.48967
-0.23611 0.00000 -0.23611 -0.23611
0.32523 0.00000 0.32523 0.32523
-0.00000 0.00000 -0.00000 -0.00000
-0.99924 0.00000 -0.99924 -0.99924
-0.45996 0.00000 -0.45996 -0.45996
-0.15389 0.00000 -0.15389 -0.15389
1.51067 0.00000 1.51067 1.51067
3.06023 0.00000 3.06023 3.06023
-1.62869 0.00000 -1.62869 -1.62869
