# avg	std	min	max
2.84335 0.00000 2.84335 2.84335
1.70993 0.00000 1.70993 1.70993
1.43735 0.00000 1.43735 1.43735
0.47867 0.00000 0.47867 0.47867
1.26111 0.00000 1.26111 1.26111
1.00623 0.00000 1.00623 1.00623
1.20020 0.00000 1.20020 1.20020
1.27659 0.00000 1.27659 1.27659
3.40135 0.00000 3.40135 3.40135
2.37801 0.00000 2.37801 2.37801
2.07983 0.00000 2.07983 2.07983
2.02147 0.00000 2.02147 2.02147
1.09322 0.00000 1.09322 1.09322
1.76987 0.00000 1.76987 1.76987
0.71756 0.00000 0.71756 0.71756
1.66002 0.00000 1.66002 1.66002
-0.03042 0.00000 -0.03042 -0.03042
1.09403 0.00000 1.09403 1.09403
1.24783 0.00000 1.24783 1.24783
1.71089 0.00000 1.71089 1.71089
-0.01966 0.00000 -0.01966 -0.01966
0.26261 0.00000 0.26261 0.26261
0.77725 0.00000 0.77725 0.77725
