# avg	std	min	max
1.86013 0.00000 1.86013 1.86013
1.52975 0.00000 1.52975 1.52975
1.84286 0.00000 1.84286 1.84286
1.53975 0.00000 1.53975 1.53975
2.01033 0.00000 2.01033 2.01033
1.09795 0.00000 1.09795 1.09795
1.78880 0.00000 1.78880 1.78880
0.77392 0.00000 0.77392 0.77392
1.23707 0.00000 1.23707 1.23707
1.66363 0.00000 1.66363 1.66363
1.79905 0.00000 1.79905 1.79905
2.06688 0.00000 2.06688 2.06688
1.84235 0.00000 1.84235 1.84235
1.90341 0.00000 1.90341 1.90341
1.54299 0.00000 1.54299 1.54299
1.57463 0.00000 1.57463 1.57463
-0.00790 0.00000 -0.00790 -0.00790
1.65339 0.00000 1.65339 1.65339
1.38749 0.00000 1.38749 1.38749
1.90241 0.00000 1.90241 1.90241
1.33995 0.00000 1.33995 1.33995
1.94008 0.00000 1.94008 1.94008
1.12928 0.00000 1.12928 1.12928
