# avg	std	min	max
1.35020 0.00000 1.35020 1.35020
0.29974 0.00000 0.29974 0.29974
0.10365 0.00000 0.10365 0.10365
-0.74374 0.00000 -0.74374 -0.74374
-1.09241 0.00000 -1.09241 -1.09241
-1.23612 0.00000 -1.23612 -1.23612
-0.79804 0.00000 -0.79804 -0.79804
-1.65722 0.00000 -1.65722 -1.65722
3.19294 0.00000 3.19294 3.19294
0.53027 0.00000 0.53027 0.53027
0.74757 0.00000 0.74757 0.74757
0.96449 0.00000 0.96449 0.96449
-0.62645 0.00000 -0.62645 -0.62645
0.25544 0.00000 0.25544 0.25544
-0.15243 0.00000 -0.15243 -0.15243
0.46011 0.00000 0.46011 0.46011
-0.00283 0.00000 -0.00283 -0.00283
-0.43652 0.00000 -0.43652 -0.43652
-0.43461 0.00000 -0.43461 -0.43461
0.39525 0.00000 0.39525 0.39525
0.23002 0.00000 0.23002 0.23002
-0.06750 0.00000 -0.06750 -0.06750
-1.13632 0.00000 -1.13632 -1.13632
