# avg	std	min	max
1.11828 0.00000 1.11828 1.11828
0.28985 0.00000 0.28985 0.28985
0.57191 0.00000 0.57191 0.57191
-0.29766 0.00000 -0.29766 -0.29766
-0.03210 0.00000 -0.03210 -0.03210
-0.35712 0.00000 -0.35712 -0.35712
-0.49944 0.00000 -0.49944 -0.49944
-0.28830 0.00000 -0.28830 -0.28830
3.80219 0.00000 3.80219 3.80219
0.53104 0.00000 0.53104 0.53104
1.12909 0.00000 1.12909 1.12909
0.89979 0.00000 0.89979 0.89979
-0.21321 0.00000 -0.21321 -0.21321
0.39316 0.00000 0.39316 0.39316
-0.23829 0.00000 -0.23829 -0.23829
0.31599 0.00000 0.31599 0.31599
-0.00418 0.00000 -0.00418 -0.00418
0.00803 0.00000 0.00803 0.00803
0.11489 0.00000 0.11489 0.11489
0.28404 0.00000 0.28404 0.28404
0.09053 0.00000 0.09053 0.09053
0.33500 0.00000 0.33500 0.33500
-0.70635 0.00000 -0.70635 -0.70635
