# avg	std	min	max
0.44813 0.00000 0.44813 0.44813
-0.19857 0.00000 -0.19857 -0.19857
-0.06905 0.00000 -0.06905 -0.06905
-0.84105 0.00000 -0.84105 -0.84105
-0.49833 0.00000 -0.49833 -0.49833
-0.33357 0.00000 -0.33357 -0.33357
-0.45020 0.00000 -0.45020 -0.45020
-0.65278 0.00000 -0.65278 -0.65278
2.01195 0.00000 2.01195 2.01195
-0.20734 0.00000 -0.20734 -0.20734
-0.33903 0.00000 -0.33903 -0.33903
0.25270 0.00000 0.25270 0.25270
-0.43149 0.00000 -0.43149 -0.43149
0.20012 0.00000 0.20012 0.20012
-0.37795 0.00000 -0.37795 -0.37795
0.66861 0.00000 0.66861 0.66861
-0.00000 0.00000 -0.00000 -0.00000
-0.40955 0.00000 -0.40955 -0.40955
-0.47000 0.00000 -0.47000 -0.47000
0.17666 0.00000 0.17666 0.17666
0.93869 0.00000 0.93869 0.93869
1.30067 0.00000 1.30067 1.30067
-0.52755 0.00000 -0.52755 -0.52755
