# avg	std	min	max
0.92431 0.00000 0.92431 0.92431
-0.00108 0.00000 -0.00108 -0.00108
0.28498 0.00000 0.28498 0.28498
-0.25724 0.00000 -0.25724 -0.25724
-0.22627 0.00000 -0.22627 -0.22627
-0.31050 0.00000 -0.31050 -0.31050
-0.73545 0.00000 -0.73545 -0.73545
-0.64761 0.00000 -0.64761 -0.64761
2.36969 0.00000 2.36969 2.36969
-0.34384 0.00000 -0.34384 -0.34384
0.86596 0.00000 0.86596 0.86596
0.72909 0.00000 0.72909 0.72909
-0.43339 0.00000 -0.43339 -0.43339
0.57440 0.00000 0.57440 0.57440
-0.26421 0.00000 -0.26421 -0.26421
0.32463 0.00000 0.32463 0.32463
-0.00086 0.00000 -0.00086 -0.00086
-0.08897 0.00000 -0.08897 -0.08897
-0.42542 0.00000 -0.42542 -0.42542
0.42410 0.00000 0.42410 0.42410
0.26951 0.00000 0.26951 0.26951
0.57511 0.00000 0.57511 0.57511
-0.33656 0.00000 -0.33656 -0.33656
