# avg	std	min	max
0.59019 0.00000 0.59019 0.59019
-0.03688 0.00000 -0.03688 -0.03688
0.21844 0.00000 0.21844 0.21844
-0.54175 0.00000 -0.54175 -0.54175
-0.56354 0.00000 -0.56354 -0.56354
-0.52870 0.00000 -0.52870 -0.52870
-1.07534 0.00000 -1.07534 -1.07534
-1.32564 0.00000 -1.32564 -1.32564
3.55970 0.00000 3.55970 3.55970
0.01749 0.00000 0.01749 0.01749
0.51181 0.00000 0.51181 0.51181
0.72215 0.00000 0.72215 0.72215
-0.81738 0.00000 -0.81738 -0.81738
0.11370 0.00000 0.11370 0.11370
-0.26931 0.00000 -0.26931 -0.26931
0.48409 0.00000 0.48409 0.48409
-0.00538 0.00000 -0.00538 -0.00538
-0.28465 0.00000 -0.28465 -0.28465
-0.35432 0.00000 -0.35432 -0.35432
-0.20842 0.00000 -0.20842 -0.20842
0.98359 0.00000 0.98359 0.98359
0.71080 0.00000 0.71080 0.71080
-1.54209 0.00000 -1.54209 -1.54209
