# avg	std	min	max
1.69773 0.00000 1.69773 1.69773
0.46804 0.00000 0.46804 0.46804
1.02766 0.00000 1.02766 1.02766
-0.46058 0.00000 -0.46058 -0.46058
0.43160 0.00000 0.43160 0.43160
-0.15036 0.00000 -0.15036 -0.15036
-1.07102 0.00000 -1.07102 -1.07102
-0.43449 0.00000 -0.43449 -0.43449
5.59142 0.00000 5.59142 5.59142
0.70733 0.00000 0.70733 0.70733
2.25468 0.00000 2.25468 2.25468
0.91431 0.00000 0.91431 0.91431
-0.22872 0.00000 -0.22872 -0.22872
0.51920 0.00000 0.51920 0.51920
-1.27068 0.00000 -1.27068 -1.27068
0.44042 0.00000 0.44042 0.44042
-0.03534 0.00000 -0.03534 -0.03534
0.31230 0.00000 0.31230 0.31230
0.27801 0.00000 0.27801 0.27801
0.47910 0.00000 0.47910 0.47910
1.04008 0.00000 1.04008 1.04008
3.10506 0.00000 3.10506 3.10506
-0.31692 0.00000 -0.31692 -0.31692
