# avg	std	min	max
1.72355 0.00000 1.72355 1.72355
0.71342 0.00000 0.71342 0.71342
0.54109 0.00000 0.54109 0.54109
-0.70145 0.00000 -0.70145 -0.70145
-0.41122 0.00000 -0.41122 -0.41122
-0.49929 0.00000 -0.49929 -0.49929
-0.09650 0.00000 -0.09650 -0.09650
-1.02997 0.00000 -1.02997 -1.02997
4.77698 0.00000 4.77698 4.77698
0.96317 0.00000 0.96317 0.96317
1.43135 0.00000 1.43135 1.43135
1.25947 0.00000 1.25947 1.25947
0.32783 0.00000 0.32783 0.32783
0.47259 0.00000 0.47259 0.47259
0.29289 0.00000 0.29289 0.29289
1.02210 0.00000 1.02210 1.02210
-0.00341 0.00000 -0.00341 -0.00341
0.17375 0.00000 0.17375 0.17375
0.44973 0.00000 0.44973 0.44973
-0.12407 0.00000 -0.12407 -0.12407
1.51334 0.00000 1.51334 1.51334
1.23500 0.00000 1.23500 1.23500
-1.62044 0.00000 -1.62044 -1.62044
