# avg	std	min	max
1.14180 0.00000 1.14180 1.14180
0.09270 0.00000 0.09270 0.09270
0.40747 0.00000 0.40747 0.40747
-0.33126 0.00000 -0.33126 -0.33126
-0.38235 0.00000 -0.38235 -0.38235
-0.51255 0.00000 -0.51255 -0.51255
-0.27907 0.00000 -0.27907 -0.27907
-0.58476 0.00000 -0.58476 -0.58476
4.26279 0.00000 4.26279 4.26279
1.12429 0.00000 1.12429 1.12429
0.83026 0.00000 0.83026 0.83026
1.15571 0.00000 1.15571 1.15571
-0.24862 0.00000 -0.24862 -0.24862
0.82827 0.00000 0.82827 0.82827
-0.62739 0.00000 -0.62739 -0.62739
0.55492 0.00000 0.55492 0.55492
-0.01094 0.00000 -0.01094 -0.01094
0.05131 0.00000 0.05131 0.05131
0.14517 0.00000 0.14517 0.14517
0.49912 0.00000 0.49912 0.49912
1.11295 0.00000 1.11295 1.11295
1.41402 0.00000 1.41402 1.41402
-0.91380 0.00000 -0.91380 -0.91380
