# avg	std	min	max
2.27019 0.00000 2.27019 2.27019
0.54310 0.00000 0.54310 0.54310
0.10414 0.00000 0.10414 0.10414
-0.14461 0.00000 -0.14461 -0.14461
0.05376 0.00000 0.05376 0.05376
-0.10454 0.00000 -0.10454 -0.10454
-0.38751 0.00000 -0.38751 -0.38751
-0.45128 0.00000 -0.45128 -0.45128
1.74763 0.00000 1.74763 1.74763
-0.04595 0.00000 -0.04595 -0.04595
-0.34059 0.00000 -0.34059 -0.34059
-0.01581 0.00000 -0.01581 -0.01581
-0.37435 0.00000 -0.37435 -0.37435
-0.62335 0.00000 -0.62335 -0.62335
-0.43544 0.00000 -0.43544 -0.43544
-0.10334 0.00000 -0.10334 -0.10334
-0.00636 0.00000 -0.00636 -0.00636
-0.48369 0.00000 -0.48369 -0.48369
-0.64277 0.00000 -0.64277 -0.64277
0.01141 0.00000 0.01141 0.01141
0.25065 0.00000 0.25065 0.25065
0.05077 0.00000 0.05077 0.05077
-0.86165 0.00000 -0.86165 -0.86165
