# avg	std	min	max
0.86354 0.00000 0.86354 0.86354
0.62066 0.00000 0.62066 0.62066
0.86234 0.00000 0.86234 0.86234
0.66065 0.00000 0.66065 0.66065
0.73842 0.00000 0.73842 0.73842
0.92054 0.00000 0.92054 0.92054
0.42481 0.00000 0.42481 0.42481
0.49519 0.00000 0.49519 0.49519
-0.14615 0.00000 -0.14615 -0.14615
0.28714 0.00000 0.28714 0.28714
0.51897 0.00000 0.51897 0.51897
0.68532 0.00000 0.68532 0.68532
0.59727 0.00000 0.59727 0.59727
0.36353 0.00000 0.36353 0.36353
0.31054 0.00000 0.31054 0.31054
-0.26357 0.00000 -0.26357 -0.26357
-0.00631 0.00000 -0.00631 -0.00631
0.55523 0.00000 0.55523 0.55523
0.69438 0.00000 0.69438 0.69438
0.24075 0.00000 0.24075 0.24075
0.07712 0.00000 0.07712 0.07712
0.62372 0.00000 0.62372 0.62372
0.34623 0.00000 0.34623 0.34623
