# avg	std	min	max
0.54447 0.00000 0.54447 0.54447
0.35763 0.00000 0.35763 0.35763
0.69055 0.00000 0.69055 0.69055
0.35625 0.00000 0.35625 0.35625
0.67836 0.00000 0.67836 0.67836
0.22205 0.00000 0.22205 0.22205
0.00758 0.00000 0.00758 0.00758
0.07561 0.00000 0.07561 0.07561
-0.29164 0.00000 -0.29164 -0.29164
0.54172 0.00000 0.54172 0.54172
0.53565 0.00000 0.53565 0.53565
0.62841 0.00000 0.62841 0.62841
0.11510 0.00000 0.11510 0.11510
0.45058 0.00000 0.45058 0.45058
0.13203 0.00000 0.13203 0.13203
0.23438 0.00000 0.23438 0.23438
-0.00903 0.00000 -0.00903 -0.00903
0.28969 0.00000 0.28969 0.28969
0.06881 0.00000 0.06881 0.06881
0.14513 0.00000 0.14513 0.14513
0.21682 0.00000 0.21682 0.21682
0.76340 0.00000 0.76340 0.76340
-0.28596 0.00000 -0.28596 -0.28596
