# avg	std	min	max
1.49948 0.00000 1.49948 1.49948
0.81128 0.00000 0.81128 0.81128
0.66459 0.00000 0.66459 0.66459
-0.00272 0.00000 -0.00272 -0.00272
0.19276 0.00000 0.19276 0.19276
0.22791 0.00000 0.22791 0.22791
1.00460 0.00000 1.00460 1.00460
0.65683 0.00000 0.65683 0.65683
-0.27000 0.00000 -0.27000 -0.27000
1.15731 0.00000 1.15731 1.15731
0.76945 0.00000 0.76945 0.76945
1.01698 0.00000 1.01698 1.01698
0.72953 0.00000 0.72953 0.72953
1.01925 0.00000 1.01925 1.01925
-0.19851 0.00000 -0.19851 -0.19851
1.09739 0.00000 1.09739 1.09739
-0.13375 0.00000 -0.13375 -0.13375
0.05537 0.00000 0.05537 0.05537
0.19532 0.00000 0.19532 0.19532
1.14283 0.00000 1.14283 1.14283
0.65698 0.00000 0.65698 0.65698
0.62400 0.00000 0.62400 0.62400
0.55410 0.00000 0.55410 0.55410
