# avg	std	min	max
0.74679 0.00000 0.74679 0.74679
0.01441 0.00000 0.01441 0.01441
0.32751 0.00000 0.32751 0.32751
-0.31397 0.00000 -0.31397 -0.31397
-0.15280 0.00000 -0.15280 -0.15280
-0.46895 0.00000 -0.46895 -0.46895
-0.45035 0.00000 -0.45035 -0.45035
-0.73226 0.00000 -0.73226 -0.73226
3.01090 0.00000 3.01090 3.01090
-0.09667 0.00000 -0.09667 -0.09667
0.55332 0.00000 0.55332 0.55332
0.66647 0.00000 0.66647 0.66647
-0.35899 0.00000 -0.35899 -0.35899
-0.13416 0.00000 -0.13416 -0.13416
-0.54151 0.00000 -0.54151 -0.54151
0.58793 0.00000 0.58793 0.58793
-0.00231 0.00000 -0.00231 -0.00231
-0.36538 0.00000 -0.36538 -0.36538
-0.52579 0.00000 -0.52579 -0.52579
0.23601 0.00000 0.23601 0.23601
0.35271 0.00000 0.35271 0.35271
0.27762 0.00000 0.27762 0.27762
-0.78537 0.00000 -0.78537 -0.78537
