# avg	std	min	max
0.85787 0.00000 0.85787 0.85787
0.02714 0.00000 0.02714 0.02714
0.45846 0.00000 0.45846 0.45846
-0.61866 0.00000 -0.61866 -0.61866
-0.07671 0.00000 -0.07671 -0.07671
-0.51589 0.00000 -0.51589 -0.51589
-0.40000 0.00000 -0.40000 -0.40000
-0.85811 0.00000 -0.85811 -0.85811
4.10992 0.00000 4.10992 4.10992
0.09117 0.00000 0.09117 0.09117
0.18862 0.00000 0.18862 0.18862
0.46068 0.00000 0.46068 0.46068
-0.40544 0.00000 -0.40544 -0.40544
-0.19143 0.00000 -0.19143 -0.19143
-0.26827 0.00000 -0.26827 -0.26827
0.45156 0.00000 0.45156 0.45156
-0.00965 0.00000 -0.00965 -0.00965
-0.35896 0.00000 -0.35896 -0.35896
-0.32231 0.00000 -0.32231 -0.32231
0.09850 0.00000 0.09850 0.09850
0.16098 0.00000 0.16098 0.16098
0.25458 0.00000 0.25458 0.25458
-0.78172 0.00000 -0.78172 -0.78172
