# avg	std	min	max
0.02974 0.00000 0.02974 0.02974
0.22461 0.00000 0.22461 0.22461
-0.78282 0.00000 -0.78282 -0.78282
0.31140 0.00000 0.31140 0.31140
1.02351 0.00000 1.02351 1.02351
-1.73995 0.00000 -1.73995 -1.73995
-1.59773 0.00000 -1.59773 -1.59773
0.28082 0.00000 0.28082 0.28082
1.62851 0.00000 1.62851 1.62851
-2.23950 0.00000 -2.23950 -2.23950
-2.03052 0.00000 -2.03052 -2.03052
0.09342 0.00000 0.09342 0.09342
-1.58929 0.00000 -1.58929 -1.58929
-1.93544 0.00000 -1.93544 -1.93544
-1.99978 0.00000 -1.99978 -1.99978
-1.52010 0.00000 -1.52010 -1.52010
-0.00619 0.00000 -0.00619 -0.00619
-2.24467 0.00000 -2.24467 -2.24467
-1.99329 0.00000 -1.99329 -1.99329
-1.60757 0.00000 -1.60757 -1.60757
-1.70027 0.00000 -1.70027 -1.70027
-0.66021 0.00000 -0.66021 -0.66021
-1.67707 0.00000 -1.67707 -1.67707
