# avg	std	min	max
-1.73053 0.00000 -1.73053 -1.73053
0.34523 0.00000 0.34523 0.34523
-1.03798 0.00000 -1.03798 -1.03798
0.02741 0.00000 0.02741 0.02741
0.50265 0.00000 0.50265 0.50265
-1.91655 0.00000 -1.91655 -1.91655
-2.13160 0.00000 -2.13160 -2.13160
-0.34045 0.00000 -0.34045 -0.34045
1.95607 0.00000 1.95607 1.95607
-1.78730 0.00000 -1.78730 -1.78730
-1.94059 0.00000 -1.94059 -1.94059
-0.06510 0.00000 -0.06510 -0.06510
-2.13469 0.00000 -2.13469 -2.13469
-1.83592 0.00000 -1.83592 -1.83592
-0.13483 0.00000 -0.13483 -0.13483
-1.38996 0.00000 -1.38996 -1.38996
-0.00298 0.00000 -0.00298 -0.00298
-2.44805 0.00000 -2.44805 -2.44805
-2.41579 0.00000 -2.41579 -2.41579
-2.11411 0.00000 -2.11411 -2.11411
-1.39652 0.00000 -1.39652 -1.39652
-0.94530 0.00000 -0.94530 -0.94530
-2.09809 0.00000 -2.09809 -2.09809
