# avg	std	min	max
0.20081 0.00000 0.20081 0.20081
0.33274 0.00000 0.33274 0.33274
0.39724 0.00000 0.39724 0.39724
0.18439 0.00000 0.18439 0.18439
0.56573 0.00000 0.56573 0.56573
2.14533 0.00000 2.14533 2.14533
0.12882 0.00000 0.12882 0.12882
0.11599 0.00000 0.11599 0.11599
2.40484 0.00000 2.40484 2.40484
0.06668 0.00000 0.06668 0.06668
0.29904 0.00000 0.29904 0.29904
-0.12027 0.00000 -0.12027 -0.12027
0.11963 0.00000 0.11963 0.11963
-0.50271 0.00000 -0.50271 -0.50271
-0.49311 0.00000 -0.49311 -0.49311
0.14288 0.00000 0.14288 0.14288
-0.00038 0.00000 -0.00038 -0.00038
-0.66985 0.00000 -0.66985 -0.66985
-0.79788 0.00000 -0.79788 -0.79788
0.06767 0.00000 0.06767 0.06767
0.24661 0.00000 0.24661 0.24661
0.52957 0.00000 0.52957 0.52957
0.04410 0.00000 0.04410 0.04410
