# avg	std	min	max
-1.79874 0.00000 -1.79874 -1.79874
0.09980 0.00000 0.09980 0.09980
1.62429 0.00000 1.62429 1.62429
-0.08551 0.00000 -0.08551 -0.08551
1.49137 0.00000 1.49137 1.49137
-0.10287 0.00000 -0.10287 -0.10287
-0.34178 0.00000 -0.34178 -0.34178
-0.26290 0.00000 -0.26290 -0.26290
4.20720 0.00000 4.20720 4.20720
-1.71806 0.00000 -1.71806 -1.71806
1.20753 0.00000 1.20753 1.20753
-0.06514 0.00000 -0.06514 -0.06514
-0.29889 0.00000 -0.29889 -0.29889
-2.18368 0.00000 -2.18368 -2.18368
-1.88731 0.00000 -1.88731 -1.88731
0.01704 0.00000 0.01704 0.01704
-0.00863 0.00000 -0.00863 -0.00863
-0.27046 0.00000 -0.27046 -0.27046
-0.33790 0.00000 -0.33790 -0.33790
-1.95580 0.00000 -1.95580 -1.95580
-1.45005 0.00000 -1.45005 -1.45005
0.21222 0.00000 0.21222 0.21222
-0.39295 0.00000 -0.39295 -0.39295
