# avg	std	min	max
0.69744 0.00000 0.69744 0.69744
0.63726 0.00000 0.63726 0.63726
1.02455 0.00000 1.02455 1.02455
0.68277 0.00000 0.68277 0.68277
1.08841 0.00000 1.08841 1.08841
0.68691 0.00000 0.68691 0.68691
0.26155 0.00000 0.26155 0.26155
0.19195 0.00000 0.19195 0.19195
-0.45006 0.00000 -0.45006 -0.45006
0.23030 0.00000 0.23030 0.23030
0.53129 0.00000 0.53129 0.53129
0.64254 0.00000 0.64254 0.64254
0.28760 0.00000 0.28760 0.28760
0.27746 0.00000 0.27746 0.27746
0.37864 0.00000 0.37864 0.37864
-0.12455 0.00000 -0.12455 -0.12455
-0.01716 0.00000 -0.01716 -0.01716
0.28731 0.00000 0.28731 0.28731
0.22833 0.00000 0.22833 0.22833
0.38204 0.00000 0.38204 0.38204
0.64447 0.00000 0.64447 0.64447
1.11036 0.00000 1.11036 1.11036
0.50123 0.00000 0.50123 0.50123
