# avg	std	min	max
-2.00239 0.00000 -2.00239 -2.00239
-1.74854 0.00000 -1.74854 -1.74854
0.81506 0.00000 0.81506 0.81506
-1.60514 0.00000 -1.60514 -1.60514
0.77565 0.00000 0.77565 0.77565
-0.15528 0.00000 -0.15528 -0.15528
-1.95866 0.00000 -1.95866 -1.95866
-0.24377 0.00000 -0.24377 -0.24377
0.77444 0.00000 0.77444 0.77444
-1.75343 0.00000 -1.75343 -1.75343
0.69077 0.00000 0.69077 0.69077
-0.12142 0.00000 -0.12142 -0.12142
-1.86650 0.00000 -1.86650 -1.86650
-1.94367 0.00000 -1.94367 -1.94367
-1.69107 0.00000 -1.69107 -1.69107
-1.67933 0.00000 -1.67933 -1.67933
-0.00210 0.00000 -0.00210 -0.00210
-0.18716 0.00000 -0.18716 -0.18716
-0.36073 0.00000 -0.36073 -0.36073
-1.67833 0.00000 -1.67833 -1.67833
-1.51269 0.00000 -1.51269 -1.51269
0.38720 0.00000 0.38720 0.38720
-1.74675 0.00000 -1.74675 -1.74675
