# avg	std	min	max
0.06498 0.00000 0.06498 0.06498
1.84770 0.00000 1.84770 1.84770
0.42282 0.00000 0.42282 0.42282
-0.03156 0.00000 -0.03156 -0.03156
2.14495 0.00000 2.14495 2.14495
1.75247 0.00000 1.75247 1.75247
-0.02817 0.00000 -0.02817 -0.02817
1.62286 0.00000 1.62286 1.62286
2.52316 0.00000 2.52316 2.52316
0.11701 0.00000 0.11701 0.11701
0.22534 0.00000 0.22534 0.22534
1.84048 0.00000 1.84048 1.84048
-0.04300 0.00000 -0.04300 -0.04300
-0.02979 0.00000 -0.02979 -0.02979
-0.27231 0.00000 -0.27231 -0.27231
0.03973 0.00000 0.03973 0.03973
-0.00193 0.00000 -0.00193 -0.00193
-0.03183 0.00000 -0.03183 -0.03183
-0.36881 0.00000 -0.36881 -0.36881
0.06589 0.00000 0.06589 0.06589
0.40490 0.00000 0.40490 0.40490
0.68750 0.00000 0.68750 0.68750
-0.49801 0.00000 -0.49801 -0.49801
