# avg	std	min	max
1.15480 0.00000 1.15480 1.15480
0.25984 0.00000 0.25984 0.25984
0.74309 0.00000 0.74309 0.74309
-0.19448 0.00000 -0.19448 -0.19448
0.20722 0.00000 0.20722 0.20722
-0.36379 0.00000 -0.36379 -0.36379
-0.11631 0.00000 -0.11631 -0.11631
-0.03444 0.00000 -0.03444 -0.03444
2.92996 0.00000 2.92996 2.92996
0.18533 0.00000 0.18533 0.18533
0.75171 0.00000 0.75171 0.75171
1.00224 0.00000 1.00224 1.00224
-0.20015 0.00000 -0.20015 -0.20015
0.24261 0.00000 0.24261 0.24261
0.16616 0.00000 0.16616 0.16616
0.51835 0.00000 0.51835 0.51835
-0.00196 0.00000 -0.00196 -0.00196
-0.26400 0.00000 -0.26400 -0.26400
-0.30589 0.00000 -0.30589 -0.30589
0.57238 0.00000 0.57238 0.57238
0.41442 0.00000 0.41442 0.41442
0.63453 0.00000 0.63453 0.63453
-0.62975 0.00000 -0.62975 -0.62975
