# avg	std	min	max
0.91436 0.00000 0.91436 0.91436
0.12793 0.00000 0.12793 0.12793
0.23228 0.00000 0.23228 0.23228
-1.08471 0.00000 -1.08471 -1.08471
-0.78293 0.00000 -0.78293 -0.78293
-1.31505 0.00000 -1.31505 -1.31505
-1.08727 0.00000 -1.08727 -1.08727
-1.92169 0.00000 -1.92169 -1.92169
4.25886 0.00000 4.25886 4.25886
0.58624 0.00000 0.58624 0.58624
1.07477 0.00000 1.07477 1.07477
0.70493 0.00000 0.70493 0.70493
-1.01170 0.00000 -1.01170 -1.01170
0.35107 0.00000 0.35107 0.35107
0.18820 0.00000 0.18820 0.18820
0.52478 0.00000 0.52478 0.52478
-0.03977 0.00000 -0.03977 -0.03977
-0.56806 0.00000 -0.56806 -0.56806
-0.37345 0.00000 -0.37345 -0.37345
-0.02525 0.00000 -0.02525 -0.02525
-0.02004 0.00000 -0.02004 -0.02004
0.82539 0.00000 0.82539 0.82539
-1.25041 0.00000 -1.25041 -1.25041
