# avg	std	min	max
0.25109 0.00000 0.25109 0.25109
0.29616 0.00000 0.29616 0.29616
0.00513 0.00000 0.00513 0.00513
-0.10361 0.00000 -0.10361 -0.10361
-0.09606 0.00000 -0.09606 -0.09606
0.31145 0.00000 0.31145 0.31145
-0.01592 0.00000 -0.01592 -0.01592
0.15632 0.00000 0.15632 0.15632
3.26240 0.00000 3.26240 3.26240
0.10586 0.00000 0.10586 0.10586
0.29912 0.00000 0.29912 0.29912
0.27826 0.00000 0.27826 0.27826
0.00833 0.00000 0.00833 0.00833
-0.10602 0.00000 -0.10602 -0.10602
-0.23400 0.00000 -0.23400 -0.23400
-0.09207 0.00000 -0.09207 -0.09207
0.00018 0.00000 0.00018 0.00018
-0.26848 0.00000 -0.26848 -0.26848
-0.43684 0.00000 -0.43684 -0.43684
0.14901 0.00000 0.14901 0.14901
0.02463 0.00000 0.02463 0.02463
0.04732 0.00000 0.04732 0.04732
-0.41551 0.00000 -0.41551 -0.41551
