# avg	std	min	max
2.50240 0.00000 2.50240 2.50240
1.53047 0.00000 1.53047 1.53047
2.36606 0.00000 2.36606 2.36606
-0.43089 0.00000 -0.43089 -0.43089
1.43808 0.00000 1.43808 1.43808
0.28955 0.00000 0.28955 0.28955
0.35820 0.00000 0.35820 0.35820
-1.14304 0.00000 -1.14304 -1.14304
3.01561 0.00000 3.01561 3.01561
1.09660 0.00000 1.09660 1.09660
2.03628 0.00000 2.03628 2.03628
1.04868 0.00000 1.04868 1.04868
0.30503 0.00000 0.30503 0.30503
1.66916 0.00000 1.66916 1.66916
-0.29871 0.00000 -0.29871 -0.29871
2.38040 0.00000 2.38040 2.38040
-0.01339 0.00000 -0.01339 -0.01339
0.34161 0.00000 0.34161 0.34161
0.56285 0.00000 0.56285 0.56285
1.02853 0.00000 1.02853 1.02853
2.29202 0.00000 2.29202 2.29202
4.17726 0.00000 4.17726 4.17726
0.72546 0.00000 0.72546 0.72546
