# avg	std	min	max
0.78718 0.00000 0.78718 0.78718
-0.36138 0.00000 -0.36138 -0.36138
-0.12422 0.00000 -0.12422 -0.12422
-1.49484 0.00000 -1.49484 -1.49484
-0.87578 0.00000 -0.87578 -0.87578
-1.89084 0.00000 -1.89084 -1.89084
-1.59946 0.00000 -1.59946 -1.59946
-1.43711 0.00000 -1.43711 -1.43711
2.45258 0.00000 2.45258 2.45258
-0.39081 0.00000 -0.39081 -0.39081
-0.10006 0.00000 -0.10006 -0.10006
-0.19357 0.00000 -0.19357 -0.19357
-0.66128 0.00000 -0.66128 -0.66128
-0.33430 0.00000 -0.33430 -0.33430
-0.66646 0.00000 -0.66646 -0.66646
0.51340 0.00000 0.51340 0.51340
-0.00841 0.00000 -0.00841 -0.00841
-0.89003 0.00000 -0.89003 -0.89003
-0.98343 0.00000 -0.98343 -0.98343
-0.31156 0.00000 -0.31156 -0.31156
0.29365 0.00000 0.29365 0.29365
0.17511 0.00000 0.17511 0.17511
-1.72713 0.00000 -1.72713 -1.72713
