# avg	std	min	max
0.57654 0.00000 0.57654 0.57654
-0.36285 0.00000 -0.36285 -0.36285
-0.03355 0.00000 -0.03355 -0.03355
-0.54754 0.00000 -0.54754 -0.54754
-0.66535 0.00000 -0.66535 -0.66535
-0.60980 0.00000 -0.60980 -0.60980
-0.99091 0.00000 -0.99091 -0.99091
-0.79192 0.00000 -0.79192 -0.79192
2.83154 0.00000 2.83154 2.83154
-0.29673 0.00000 -0.29673 -0.29673
0.25642 0.00000 0.25642 0.25642
0.47637 0.00000 0.47637 0.47637
-0.93855 0.00000 -0.93855 -0.93855
-0.22536 0.00000 -0.22536 -0.22536
-0.20588 0.00000 -0.20588 -0.20588
0.55401 0.00000 0.55401 0.55401
-0.00052 0.00000 -0.00052 -0.00052
-0.66900 0.00000 -0.66900 -0.66900
-1.14962 0.00000 -1.14962 -1.14962
-0.54102 0.00000 -0.54102 -0.54102
0.39711 0.00000 0.39711 0.39711
0.40323 0.00000 0.40323 0.40323
-1.03931 0.00000 -1.03931 -1.03931
