# avg	std	min	max
0.91557 0.00000 0.91557 0.91557
-0.10003 0.00000 -0.10003 -0.10003
0.16119 0.00000 0.16119 0.16119
-0.91638 0.00000 -0.91638 -0.91638
-0.65054 0.00000 -0.65054 -0.65054
-0.73515 0.00000 -0.73515 -0.73515
-0.82545 0.00000 -0.82545 -0.82545
-1.30661 0.00000 -1.30661 -1.30661
2.88924 0.00000 2.88924 2.88924
0.62645 0.00000 0.62645 0.62645
0.76050 0.00000 0.76050 0.76050
0.47600 0.00000 0.47600 0.47600
-0.79929 0.00000 -0.79929 -0.79929
-0.19515 0.00000 -0.19515 -0.19515
-0.36579 0.00000 -0.36579 -0.36579
0.53424 0.00000 0.53424 0.53424
-0.00554 0.00000 -0.00554 -0.00554
-0.85149 0.00000 -0.85149 -0.85149
-0.96403 0.00000 -0.96403 -0.96403
-0.18106 0.00000 -0.18106 -0.18106
0.34862 0.00000 0.34862 0.34862
0.53175 0.00000 0.53175 0.53175
-0.58783 0.00000 -0.58783 -0.58783
