# avg	std	min	max
-0.35950 0.00000 -0.35950 -0.35950
-0.03928 0.00000 -0.03928 -0.03928
0.16534 0.00000 0.16534 0.16534
-0.26732 0.00000 -0.26732 -0.26732
-0.10948 0.00000 -0.10948 -0.10948
-0.73764 0.00000 -0.73764 -0.73764
-1.25763 0.00000 -1.25763 -1.25763
-0.91052 0.00000 -0.91052 -0.91052
0.85437 0.00000 0.85437 0.85437
-0.56012 0.00000 -0.56012 -0.56012
-0.55819 0.00000 -0.55819 -0.55819
-0.20927 0.00000 -0.20927 -0.20927
-0.93172 0.00000 -0.93172 -0.93172
-0.44742 0.00000 -0.44742 -0.44742
-0.68165 0.00000 -0.68165 -0.68165
0.37760 0.00000 0.37760 0.37760
-0.00118 0.00000 -0.00118 -0.00118
-0.55235 0.00000 -0.55235 -0.55235
-1.19624 0.00000 -1.19624 -1.19624
-0.38009 0.00000 -0.38009 -0.38009
0.16861 0.00000 0.16861 0.16861
0.38425 0.00000 0.38425 0.38425
-1.40780 0.00000 -1.40780 -1.40780
