# avg	std	min	max
5.03725 0.00000 5.03725 5.03725
3.01951 0.00000 3.01951 3.01951
3.79074 0.00000 3.79074 3.79074
0.03775 0.00000 0.03775 0.03775
3.44889 0.00000 3.44889 3.44889
0.71312 0.00000 0.71312 0.71312
-0.00392 0.00000 -0.00392 -0.00392
-0.76341 0.00000 -0.76341 -0.76341
8.27659 0.00000 8.27659 8.27659
3.42797 0.00000 3.42797 3.42797
3.69405 0.00000 3.69405 3.69405
3.31200 0.00000 3.31200 3.31200
0.10362 0.00000 0.10362 0.10362
3.33565 0.00000 3.33565 3.33565
2.87868 0.00000 2.87868 2.87868
5.05044 0.00000 5.05044 5.05044
4.50267 0.00000 4.50267 4.50267
2.50333 0.00000 2.50333 2.50333
2.48209 0.00000 2.48209 2.48209
1.90988 0.00000 1.90988 1.90988
7.89081 0.00000 7.89081 7.89081
9.99909 0.00000 9.99909 9.99909
8.79259 0.00000 8.79259 8.79259
