# avg	std	min	max
4.69539 0.00000 4.69539 4.69539
2.61127 0.00000 2.61127 2.61127
2.99512 0.00000 2.99512 2.99512
0.97140 0.00000 0.97140 0.97140
2.24268 0.00000 2.24268 2.24268
0.58543 0.00000 0.58543 0.58543
-0.05241 0.00000 -0.05241 -0.05241
0.05417 0.00000 0.05417 0.05417
7.93664 0.00000 7.93664 7.93664
3.05854 0.00000 3.05854 3.05854
2.72889 0.00000 2.72889 2.72889
2.91660 0.00000 2.91660 2.91660
0.49349 0.00000 0.49349 0.49349
2.36458 0.00000 2.36458 2.36458
1.89326 0.00000 1.89326 1.89326
3.89707 0.00000 3.89707 3.89707
3.14958 0.00000 3.14958 3.14958
1.42713 0.00000 1.42713 1.42713
1.40389 0.00000 1.40389 1.40389
1.34170 0.00000 1.34170 1.34170
7.02154 0.00000 7.02154 7.02154
8.54601 0.00000 8.54601 8.54601
0.86669 0.00000 0.86669 0.86669
