# avg	std	min	max
0.19068 0.00000 0.19068 0.19068
-0.20432 0.00000 -0.20432 -0.20432
0.19611 0.00000 0.19611 0.19611
-0.09676 0.00000 -0.09676 -0.09676
0.13125 0.00000 0.13125 0.13125
0.12612 0.00000 0.12612 0.12612
-0.00000 0.00000 -0.00000 -0.00000
-0.19476 0.00000 -0.19476 -0.19476
-0.37766 0.00000 -0.37766 -0.37766
-0.12680 0.00000 -0.12680 -0.12680
-0.22791 0.00000 -0.22791 -0.22791
0.55577 0.00000 0.55577 0.55577
-0.02145 0.00000 -0.02145 -0.02145
0.12947 0.00000 0.12947 0.12947
-0.60609 0.00000 -0.60609 -0.60609
0.23256 0.00000 0.23256 0.23256
-0.08382 0.00000 -0.08382 -0.08382
-0.33343 0.00000 -0.33343 -0.33343
-0.50353 0.00000 -0.50353 -0.50353
0.29590 0.00000 0.29590 0.29590
0.50489 0.00000 0.50489 0.50489
0.30886 0.00000 0.30886 0.30886
-0.47066 0.00000 -0.47066 -0.47066
