# avg	std	min	max
2.80722 0.00000 2.80722 2.80722
1.39945 0.00000 1.39945 1.39945
2.63130 0.00000 2.63130 2.63130
-0.03669 0.00000 -0.03669 -0.03669
3.26226 0.00000 3.26226 3.26226
0.21341 0.00000 0.21341 0.21341
0.00527 0.00000 0.00527 0.00527
-0.26222 0.00000 -0.26222 -0.26222
0.58251 0.00000 0.58251 0.58251
1.30924 0.00000 1.30924 1.30924
1.08551 0.00000 1.08551 1.08551
1.84655 0.00000 1.84655 1.84655
0.46439 0.00000 0.46439 0.46439
1.71025 0.00000 1.71025 1.71025
1.20479 0.00000 1.20479 1.20479
3.18114 0.00000 3.18114 3.18114
1.68293 0.00000 1.68293 1.68293
1.04986 0.00000 1.04986 1.04986
1.25430 0.00000 1.25430 1.25430
1.92372 0.00000 1.92372 1.92372
5.29015 0.00000 5.29015 5.29015
9.02874 0.00000 9.02874 9.02874
-0.74802 0.00000 -0.74802 -0.74802
