# avg	std	min	max
3.65144 0.00000 3.65144 3.65144
2.13305 0.00000 2.13305 2.13305
1.35255 0.00000 1.35255 1.35255
0.03670 0.00000 0.03670 0.03670
0.05586 0.00000 0.05586 0.05586
0.27083 0.00000 0.27083 0.27083
-0.00902 0.00000 -0.00902 -0.00902
0.30194 0.00000 0.30194 0.30194
4.42295 0.00000 4.42295 4.42295
3.04839 0.00000 3.04839 3.04839
2.71301 0.00000 2.71301 2.71301
2.67809 0.00000 2.67809 2.67809
0.38468 0.00000 0.38468 0.38468
2.06457 0.00000 2.06457 2.06457
1.62491 0.00000 1.62491 1.62491
3.03944 0.00000 3.03944 3.03944
2.53399 0.00000 2.53399 2.53399
1.55671 0.00000 1.55671 1.55671
1.46662 0.00000 1.46662 1.46662
1.45086 0.00000 1.45086 1.45086
3.78747 0.00000 3.78747 3.78747
3.66134 0.00000 3.66134 3.66134
0.51528 0.00000 0.51528 0.51528
