# avg	std	min	max
4.86235 0.00000 4.86235 4.86235
2.85351 0.00000 2.85351 2.85351
6.33175 0.00000 6.33175 6.33175
0.02264 0.00000 0.02264 0.02264
7.48699 0.00000 7.48699 7.48699
0.81920 0.00000 0.81920 0.81920
-0.00463 0.00000 -0.00463 -0.00463
4.44513 0.00000 4.44513 4.44513
7.53449 0.00000 7.53449 7.53449
3.93502 0.00000 3.93502 3.93502
4.29147 0.00000 4.29147 4.29147
3.15020 0.00000 3.15020 3.15020
0.08583 0.00000 0.08583 0.08583
2.95705 0.00000 2.95705 2.95705
3.96833 0.00000 3.96833 3.96833
4.94968 0.00000 4.94968 4.94968
4.67735 0.00000 4.67735 4.67735
2.64564 0.00000 2.64564 2.64564
3.12337 0.00000 3.12337 3.12337
3.11170 0.00000 3.11170 3.11170
8.47108 0.00000 8.47108 8.47108
12.39476 0.00000 12.39476 12.39476
1.05753 0.00000 1.05753 1.05753
