# avg	std	min	max
3.27167 0.00000 3.27167 3.27167
1.98420 0.00000 1.98420 1.98420
1.12888 0.00000 1.12888 1.12888
0.26741 0.00000 0.26741 0.26741
0.60004 0.00000 0.60004 0.60004
0.11077 0.00000 0.11077 0.11077
0.00071 0.00000 0.00071 0.00071
-1.20429 0.00000 -1.20429 -1.20429
3.02952 0.00000 3.02952 3.02952
3.00368 0.00000 3.00368 3.00368
2.19196 0.00000 2.19196 2.19196
2.56743 0.00000 2.56743 2.56743
-0.12247 0.00000 -0.12247 -0.12247
2.17243 0.00000 2.17243 2.17243
1.25858 0.00000 1.25858 1.25858
2.62855 0.00000 2.62855 2.62855
1.78279 0.00000 1.78279 1.78279
1.33141 0.00000 1.33141 1.33141
1.38492 0.00000 1.38492 1.38492
1.46761 0.00000 1.46761 1.46761
3.07904 0.00000 3.07904 3.07904
3.40399 0.00000 3.40399 3.40399
-0.52129 0.00000 -0.52129 -0.52129
