# avg	std	min	max
4.11213 0.00000 4.11213 4.11213
2.64300 0.00000 2.64300 2.64300
2.34264 0.00000 2.34264 2.34264
0.47945 0.00000 0.47945 0.47945
1.03765 0.00000 1.03765 1.03765
0.66425 0.00000 0.66425 0.66425
-0.01004 0.00000 -0.01004 -0.01004
0.27610 0.00000 0.27610 0.27610
4.93893 0.00000 4.93893 4.93893
3.02686 0.00000 3.02686 3.02686
2.92995 0.00000 2.92995 2.92995
2.97264 0.00000 2.97264 2.97264
0.50738 0.00000 0.50738 0.50738
3.21292 0.00000 3.21292 3.21292
1.95850 0.00000 1.95850 1.95850
4.12017 0.00000 4.12017 4.12017
2.38633 0.00000 2.38633 2.38633
1.78841 0.00000 1.78841 1.78841
1.27974 0.00000 1.27974 1.27974
2.18521 0.00000 2.18521 2.18521
4.07782 0.00000 4.07782 4.07782
4.21242 0.00000 4.21242 4.21242
0.47342 0.00000 0.47342 0.47342
