# avg	std	min	max
0.00000 0.00000 0.00000 0.00000
-1.99520 0.00000 -1.99520 -1.99520
-0.53751 0.00000 -0.53751 -0.53751
-2.96225 0.00000 -2.96225 -2.96225
-1.83923 0.00000 -1.83923 -1.83923
-3.07833 0.00000 -3.07833 -3.07833
3.80867 0.00000 3.80867 3.80867
12.07318 0.00000 12.07318 12.07318
2.99810 0.00000 2.99810 2.99810
-0.91998 0.00000 -0.91998 -0.91998
-0.15500 0.00000 -0.15500 -0.15500
-0.69395 0.00000 -0.69395 -0.69395
10.88225 0.00000 10.88225 10.88225
0.77281 0.00000 0.77281 0.77281
-1.12786 0.00000 -1.12786 -1.12786
2.98784 0.00000 2.98784 2.98784
0.45951 0.00000 0.45951 0.45951
-0.84659 0.00000 -0.84659 -0.84659
-0.81975 0.00000 -0.81975 -0.81975
10.17222 0.00000 10.17222 10.17222
5.60562 0.00000 5.60562 5.60562
6.02575 0.00000 6.02575 6.02575
33.81460 0.00000 33.81460 33.81460
