# avg	std	min	max
0.00000 0.00000 0.00000 0.00000
-0.76265 0.00000 -0.76265 -0.76265
-0.05168 0.00000 -0.05168 -0.05168
-0.95909 0.00000 -0.95909 -0.95909
-0.23484 0.00000 -0.23484 -0.23484
-0.88066 0.00000 -0.88066 -0.88066
-0.20800 0.00000 -0.20800 -0.20800
-0.24857 0.00000 -0.24857 -0.24857
2.91289 0.00000 2.91289 2.91289
-0.97878 0.00000 -0.97878 -0.97878
0.06750 0.00000 0.06750 0.06750
-0.44823 0.00000 -0.44823 -0.44823
-0.50396 0.00000 -0.50396 -0.50396
-0.19463 0.00000 -0.19463 -0.19463
-0.68085 0.00000 -0.68085 -0.68085
-0.34561 0.00000 -0.34561 -0.34561
-0.69796 0.00000 -0.69796 -0.69796
-1.22582 0.00000 -1.22582 -1.22582
-1.02157 0.00000 -1.02157 -1.02157
0.00681 0.00000 0.00681 0.00681
-0.57662 0.00000 -0.57662 -0.57662
0.54465 0.00000 0.54465 0.54465
-0.29574 0.00000 -0.29574 -0.29574
