# avg	std	min	max
0.00000 0.00000 0.00000 0.00000
0.07534 0.00000 0.07534 0.07534
-0.22605 0.00000 -0.22605 -0.22605
-0.29970 0.00000 -0.29970 -0.29970
-0.05653 0.00000 -0.05653 -0.05653
0.23990 0.00000 0.23990 0.23990
-0.05567 0.00000 -0.05567 -0.05567
0.14263 0.00000 0.14263 0.14263
1.65235 0.00000 1.65235 1.65235
-0.31457 0.00000 -0.31457 -0.31457
-0.60658 0.00000 -0.60658 -0.60658
-0.24500 0.00000 -0.24500 -0.24500
-0.04011 0.00000 -0.04011 -0.04011
-0.67493 0.00000 -0.67493 -0.67493
-0.31726 0.00000 -0.31726 -0.31726
-0.04413 0.00000 -0.04413 -0.04413
0.01308 0.00000 0.01308 0.01308
-1.14746 0.00000 -1.14746 -1.14746
-0.82854 0.00000 -0.82854 -0.82854
-0.69135 0.00000 -0.69135 -0.69135
-0.13588 0.00000 -0.13588 -0.13588
-0.03479 0.00000 -0.03479 -0.03479
-0.19923 0.00000 -0.19923 -0.19923
