# avg	std	min	max
0.00000 0.00000 0.00000 0.00000
0.23774 0.00000 0.23774 0.23774
0.59973 0.00000 0.59973 0.59973
0.26216 0.00000 0.26216 0.26216
0.66396 0.00000 0.66396 0.66396
0.27011 0.00000 0.27011 0.27011
0.24827 0.00000 0.24827 0.24827
0.40039 0.00000 0.40039 0.40039
-0.64160 0.00000 -0.64160 -0.64160
0.10459 0.00000 0.10459 0.10459
0.50227 0.00000 0.50227 0.50227
0.43165 0.00000 0.43165 0.43165
0.24677 0.00000 0.24677 0.24677
0.22916 0.00000 0.22916 0.22916
-0.02836 0.00000 -0.02836 -0.02836
0.25658 0.00000 0.25658 0.25658
-0.28033 0.00000 -0.28033 -0.28033
0.01385 0.00000 0.01385 0.01385
-0.11244 0.00000 -0.11244 -0.11244
0.36002 0.00000 0.36002 0.36002
0.03382 0.00000 0.03382 0.03382
0.51204 0.00000 0.51204 0.51204
-0.11293 0.00000 -0.11293 -0.11293
