# avg	std	min	max
0.00000 0.00000 0.00000 0.00000
0.29521 0.00000 0.29521 0.29521
1.37615 0.00000 1.37615 1.37615
-0.29895 0.00000 -0.29895 -0.29895
1.12822 0.00000 1.12822 1.12822
0.56598 0.00000 0.56598 0.56598
0.36646 0.00000 0.36646 0.36646
0.28134 0.00000 0.28134 0.28134
5.99932 0.00000 5.99932 5.99932
0.39351 0.00000 0.39351 0.39351
1.37207 0.00000 1.37207 1.37207
0.23798 0.00000 0.23798 0.23798
-0.26496 0.00000 -0.26496 -0.26496
-0.34264 0.00000 -0.34264 -0.34264
0.16930 0.00000 0.16930 0.16930
0.55948 0.00000 0.55948 0.55948
0.49905 0.00000 0.49905 0.49905
-0.00793 0.00000 -0.00793 -0.00793
0.04318 0.00000 0.04318 0.04318
0.62177 0.00000 0.62177 0.62177
0.63158 0.00000 0.63158 0.63158
1.94094 0.00000 1.94094 1.94094
0.35819 0.00000 0.35819 0.35819
