# avg	std	min	max
0.00000 0.00000 0.00000 0.00000
0.22389 0.00000 0.22389 0.22389
0.61390 0.00000 0.61390 0.61390
0.47259 0.00000 0.47259 0.47259
0.62648 0.00000 0.62648 0.62648
0.39223 0.00000 0.39223 0.39223
0.19551 0.00000 0.19551 0.19551
0.31147 0.00000 0.31147 0.31147
-0.15105 0.00000 -0.15105 -0.15105
0.12423 0.00000 0.12423 0.12423
0.53937 0.00000 0.53937 0.53937
0.46376 0.00000 0.46376 0.46376
0.15242 0.00000 0.15242 0.15242
0.25370 0.00000 0.25370 0.25370
0.04137 0.00000 0.04137 0.04137
0.34749 0.00000 0.34749 0.34749
-0.17653 0.00000 -0.17653 -0.17653
-0.10902 0.00000 -0.10902 -0.10902
-0.23818 0.00000 -0.23818 -0.23818
0.29698 0.00000 0.29698 0.29698
0.38694 0.00000 0.38694 0.38694
0.85744 0.00000 0.85744 0.85744
0.27352 0.00000 0.27352 0.27352
