# avg	std	min	max
0.00000 0.00000 0.00000 0.00000
1.51094 0.00000 1.51094 1.51094
2.66227 0.00000 2.66227 2.66227
1.83480 0.00000 1.83480 1.83480
2.62976 0.00000 2.62976 2.62976
1.69901 0.00000 1.69901 1.69901
1.76878 0.00000 1.76878 1.76878
1.69888 0.00000 1.69888 1.69888
5.51819 0.00000 5.51819 5.51819
1.64918 0.00000 1.64918 1.64918
2.61309 0.00000 2.61309 2.61309
1.58055 0.00000 1.58055 1.58055
1.77450 0.00000 1.77450 1.77450
1.70778 0.00000 1.70778 1.70778
1.57705 0.00000 1.57705 1.57705
1.79067 0.00000 1.79067 1.79067
1.84864 0.00000 1.84864 1.84864
1.63198 0.00000 1.63198 1.63198
1.45457 0.00000 1.45457 1.45457
1.84824 0.00000 1.84824 1.84824
2.06252 0.00000 2.06252 2.06252
2.92976 0.00000 2.92976 2.92976
1.87976 0.00000 1.87976 1.87976
