# avg	std	min	max
0.00000 0.00000 0.00000 0.00000
0.82183 0.00000 0.82183 0.82183
0.47752 0.00000 0.47752 0.47752
0.20945 0.00000 0.20945 0.20945
0.20990 0.00000 0.20990 0.20990
0.12736 0.00000 0.12736 0.12736
0.25321 0.00000 0.25321 0.25321
0.37024 0.00000 0.37024 0.37024
1.07451 0.00000 1.07451 1.07451
0.58588 0.00000 0.58588 0.58588
0.49947 0.00000 0.49947 0.49947
0.54718 0.00000 0.54718 0.54718
0.32726 0.00000 0.32726 0.32726
0.42394 0.00000 0.42394 0.42394
0.11977 0.00000 0.11977 0.11977
0.75353 0.00000 0.75353 0.75353
0.70269 0.00000 0.70269 0.70269
-1.53761 0.00000 -1.53761 -1.53761
-0.24043 0.00000 -0.24043 -0.24043
0.37689 0.00000 0.37689 0.37689
0.74621 0.00000 0.74621 0.74621
1.05667 0.00000 1.05667 1.05667
0.31970 0.00000 0.31970 0.31970
