# avg	std	min	max
0.00000 0.00000 0.00000 0.00000
0.14692 0.00000 0.14692 0.14692
0.25257 0.00000 0.25257 0.25257
0.09288 0.00000 0.09288 0.09288
-0.03592 0.00000 -0.03592 -0.03592
0.12119 0.00000 0.12119 0.12119
-0.58658 0.00000 -0.58658 -0.58658
1.63125 0.00000 1.63125 1.63125
3.37973 0.00000 3.37973 3.37973
0.00842 0.00000 0.00842 0.00842
0.40120 0.00000 0.40120 0.40120
0.23356 0.00000 0.23356 0.23356
-0.19087 0.00000 -0.19087 -0.19087
-0.39469 0.00000 -0.39469 -0.39469
-0.33140 0.00000 -0.33140 -0.33140
-0.00881 0.00000 -0.00881 -0.00881
0.05627 0.00000 0.05627 0.05627
-0.40185 0.00000 -0.40185 -0.40185
-0.93095 0.00000 -0.93095 -0.93095
-0.01348 0.00000 -0.01348 -0.01348
0.25871 0.00000 0.25871 0.25871
0.90750 0.00000 0.90750 0.90750
-0.21525 0.00000 -0.21525 -0.21525
