# avg	std	min	max
0.00000 0.00000 0.00000 0.00000
0.26898 0.00000 0.26898 0.26898
0.71591 0.00000 0.71591 0.71591
0.39833 0.00000 0.39833 0.39833
0.58527 0.00000 0.58527 0.58527
0.20716 0.00000 0.20716 0.20716
0.20956 0.00000 0.20956 0.20956
-0.17804 0.00000 -0.17804 -0.17804
1.61537 0.00000 1.61537 1.61537
0.37425 0.00000 0.37425 0.37425
0.39482 0.00000 0.39482 0.39482
0.80890 0.00000 0.80890 0.80890
0.16211 0.00000 0.16211 0.16211
0.00647 0.00000 0.00647 0.00647
-0.09384 0.00000 -0.09384 -0.09384
1.07223 0.00000 1.07223 1.07223
0.75349 0.00000 0.75349 0.75349
0.03185 0.00000 0.03185 0.03185
-0.53141 0.00000 -0.53141 -0.53141
0.35241 0.00000 0.35241 0.35241
1.28967 0.00000 1.28967 1.28967
1.28132 0.00000 1.28132 1.28132
-0.15881 0.00000 -0.15881 -0.15881
