# avg	std	min	max
0.00000 0.00000 0.00000 0.00000
-0.01553 0.00000 -0.01553 -0.01553
0.06683 0.00000 0.06683 0.06683
-0.67997 0.00000 -0.67997 -0.67997
-0.05270 0.00000 -0.05270 -0.05270
-0.42719 0.00000 -0.42719 -0.42719
-0.46039 0.00000 -0.46039 -0.46039
-0.15292 0.00000 -0.15292 -0.15292
0.73126 0.00000 0.73126 0.73126
-0.22738 0.00000 -0.22738 -0.22738
0.12849 0.00000 0.12849 0.12849
-0.35114 0.00000 -0.35114 -0.35114
-0.39788 0.00000 -0.39788 -0.39788
-0.26931 0.00000 -0.26931 -0.26931
-0.96995 0.00000 -0.96995 -0.96995
0.10091 0.00000 0.10091 0.10091
0.01857 0.00000 0.01857 0.01857
-0.74625 0.00000 -0.74625 -0.74625
-1.04690 0.00000 -1.04690 -1.04690
-0.24277 0.00000 -0.24277 -0.24277
0.23881 0.00000 0.23881 0.23881
0.39623 0.00000 0.39623 0.39623
0.07056 0.00000 0.07056 0.07056
