# avg	std	min	max
1.60784 0.00000 1.60784 1.60784
1.40483 0.00000 1.40483 1.40483
0.11067 0.00000 0.11067 0.11067
-0.75207 0.00000 -0.75207 -0.75207
-1.15873 0.00000 -1.15873 -1.15873
0.33631 0.00000 0.33631 0.33631
-1.57328 0.00000 -1.57328 -1.57328
-0.84273 0.00000 -0.84273 -0.84273
2.45166 0.00000 2.45166 2.45166
1.54070 0.00000 1.54070 1.54070
0.30868 0.00000 0.30868 0.30868
2.56678 0.00000 2.56678 2.56678
-0.91026 0.00000 -0.91026 -0.91026
1.13822 0.00000 1.13822 1.13822
0.52907 0.00000 0.52907 0.52907
1.53109 0.00000 1.53109 1.53109
0.99235 0.00000 0.99235 0.99235
-0.11873 0.00000 -0.11873 -0.11873
0.22809 0.00000 0.22809 0.22809
-0.04440 0.00000 -0.04440 -0.04440
2.00704 0.00000 2.00704 2.00704
2.96918 0.00000 2.96918 2.96918
-1.95490 0.00000 -1.95490 -1.95490
