# avg	std	min	max
0.52537 0.00000 0.52537 0.52537
0.06875 0.00000 0.06875 0.06875
0.91910 0.00000 0.91910 0.91910
-0.02883 0.00000 -0.02883 -0.02883
0.39492 0.00000 0.39492 0.39492
-0.15332 0.00000 -0.15332 -0.15332
-0.02831 0.00000 -0.02831 -0.02831
-0.12669 0.00000 -0.12669 -0.12669
1.98897 0.00000 1.98897 1.98897
-0.31805 0.00000 -0.31805 -0.31805
0.50057 0.00000 0.50057 0.50057
-0.32667 0.00000 -0.32667 -0.32667
0.10845 0.00000 0.10845 0.10845
0.05791 0.00000 0.05791 0.05791
-0.31335 0.00000 -0.31335 -0.31335
0.31665 0.00000 0.31665 0.31665
0.35954 0.00000 0.35954 0.35954
-0.66683 0.00000 -0.66683 -0.66683
-0.33301 0.00000 -0.33301 -0.33301
0.01401 0.00000 0.01401 0.01401
0.21249 0.00000 0.21249 0.21249
1.07893 0.00000 1.07893 1.07893
-0.10842 0.00000 -0.10842 -0.10842
