# avg	std	min	max
0.25411 0.00000 0.25411 0.25411
0.25351 0.00000 0.25351 0.25351
0.48750 0.00000 0.48750 0.48750
-0.00318 0.00000 -0.00318 -0.00318
-0.01137 0.00000 -0.01137 -0.01137
-0.05032 0.00000 -0.05032 -0.05032
-0.16900 0.00000 -0.16900 -0.16900
1.53207 0.00000 1.53207 1.53207
2.12071 0.00000 2.12071 2.12071
0.02636 0.00000 0.02636 0.02636
0.60154 0.00000 0.60154 0.60154
1.91482 0.00000 1.91482 1.91482
-0.07112 0.00000 -0.07112 -0.07112
-0.54615 0.00000 -0.54615 -0.54615
-0.49273 0.00000 -0.49273 -0.49273
-0.01995 0.00000 -0.01995 -0.01995
-0.09805 0.00000 -0.09805 -0.09805
-0.69350 0.00000 -0.69350 -0.69350
-1.26474 0.00000 -1.26474 -1.26474
0.00267 0.00000 0.00267 0.00267
-0.00061 0.00000 -0.00061 -0.00061
0.37877 0.00000 0.37877 0.37877
-0.53915 0.00000 -0.53915 -0.53915
