# avg	std	min	max
0.79519 0.00000 0.79519 0.79519
0.02217 0.00000 0.02217 0.02217
1.08384 0.00000 1.08384 1.08384
-1.01177 0.00000 -1.01177 -1.01177
0.60309 0.00000 0.60309 0.60309
-0.38364 0.00000 -0.38364 -0.38364
-0.01413 0.00000 -0.01413 -0.01413
0.22216 0.00000 0.22216 0.22216
-0.84667 0.00000 -0.84667 -0.84667
-0.53796 0.00000 -0.53796 -0.53796
0.75361 0.00000 0.75361 0.75361
0.65018 0.00000 0.65018 0.65018
-0.18435 0.00000 -0.18435 -0.18435
-0.55011 0.00000 -0.55011 -0.55011
-0.07634 0.00000 -0.07634 -0.07634
-1.65113 0.00000 -1.65113 -1.65113
-0.00092 0.00000 -0.00092 -0.00092
0.26990 0.00000 0.26990 0.26990
-0.13973 0.00000 -0.13973 -0.13973
-0.20202 0.00000 -0.20202 -0.20202
0.45650 0.00000 0.45650 0.45650
4.87169 0.00000 4.87169 4.87169
1.03497 0.00000 1.03497 1.03497
