# avg	std	min	max
2.66203 0.00000 2.66203 2.66203
2.21220 0.00000 2.21220 2.21220
1.01986 0.00000 1.01986 1.01986
0.04289 0.00000 0.04289 0.04289
0.00014 0.00000 0.00014 0.00014
-0.68037 0.00000 -0.68037 -0.68037
2.19973 0.00000 2.19973 2.19973
1.49465 0.00000 1.49465 1.49465
2.39176 0.00000 2.39176 2.39176
2.27736 0.00000 2.27736 2.27736
1.33602 0.00000 1.33602 1.33602
1.37534 0.00000 1.37534 1.37534
2.27477 0.00000 2.27477 2.27477
1.19627 0.00000 1.19627 1.19627
1.39421 0.00000 1.39421 1.39421
2.70261 0.00000 2.70261 2.70261
2.57047 0.00000 2.57047 2.57047
1.38681 0.00000 1.38681 1.38681
-0.00012 0.00000 -0.00012 -0.00012
2.13663 0.00000 2.13663 2.13663
2.34862 0.00000 2.34862 2.34862
2.11486 0.00000 2.11486 2.11486
1.45034 0.00000 1.45034 1.45034
