# avg	std	min	max
3.41219 0.00000 3.41219 3.41219
2.69409 0.00000 2.69409 2.69409
1.13784 0.00000 1.13784 1.13784
-0.23221 0.00000 -0.23221 -0.23221
0.00152 0.00000 0.00152 0.00152
1.61014 0.00000 1.61014 1.61014
6.58058 0.00000 6.58058 6.58058
5.46536 0.00000 5.46536 5.46536
7.05540 0.00000 7.05540 7.05540
3.20072 0.00000 3.20072 3.20072
2.69006 0.00000 2.69006 2.69006
1.78353 0.00000 1.78353 1.78353
6.38143 0.00000 6.38143 6.38143
1.04533 0.00000 1.04533 1.04533
2.18671 0.00000 2.18671 2.18671
3.99412 0.00000 3.99412 3.99412
3.85683 0.00000 3.85683 3.85683
2.73733 0.00000 2.73733 2.73733
3.02886 0.00000 3.02886 3.02886
10.16027 0.00000 10.16027 10.16027
6.70306 0.00000 6.70306 6.70306
5.77823 0.00000 5.77823 5.77823
7.94373 0.00000 7.94373 7.94373
