# avg	std	min	max
0.83947 0.00000 0.83947 0.83947
0.16849 0.00000 0.16849 0.16849
0.61335 0.00000 0.61335 0.61335
-0.13475 0.00000 -0.13475 -0.13475
-0.00040 0.00000 -0.00040 -0.00040
-0.28746 0.00000 -0.28746 -0.28746
-0.65517 0.00000 -0.65517 -0.65517
-0.54449 0.00000 -0.54449 -0.54449
-0.08834 0.00000 -0.08834 -0.08834
-0.42181 0.00000 -0.42181 -0.42181
-0.48770 0.00000 -0.48770 -0.48770
0.90722 0.00000 0.90722 0.90722
-0.50384 0.00000 -0.50384 -0.50384
0.11101 0.00000 0.11101 0.11101
-0.41280 0.00000 -0.41280 -0.41280
0.97005 0.00000 0.97005 0.97005
0.04210 0.00000 0.04210 0.04210
-0.22172 0.00000 -0.22172 -0.22172
-1.31093 0.00000 -1.31093 -1.31093
-0.01112 0.00000 -0.01112 -0.01112
0.89737 0.00000 0.89737 0.89737
1.04464 0.00000 1.04464 1.04464
-0.78951 0.00000 -0.78951 -0.78951
