# avg	std	min	max
1.05280 0.00000 1.05280 1.05280
0.39620 0.00000 0.39620 0.39620
0.39537 0.00000 0.39537 0.39537
-0.18364 0.00000 -0.18364 -0.18364
-0.01471 0.00000 -0.01471 -0.01471
0.13954 0.00000 0.13954 0.13954
-0.02629 0.00000 -0.02629 -0.02629
-0.03744 0.00000 -0.03744 -0.03744
1.79281 0.00000 1.79281 1.79281
0.57319 0.00000 0.57319 0.57319
0.37522 0.00000 0.37522 0.37522
0.55227 0.00000 0.55227 0.55227
0.26678 0.00000 0.26678 0.26678
0.47461 0.00000 0.47461 0.47461
-0.19301 0.00000 -0.19301 -0.19301
1.23002 0.00000 1.23002 1.23002
0.74279 0.00000 0.74279 0.74279
-0.17592 0.00000 -0.17592 -0.17592
-0.10969 0.00000 -0.10969 -0.10969
0.27138 0.00000 0.27138 0.27138
1.44310 0.00000 1.44310 1.44310
1.27319 0.00000 1.27319 1.27319
0.04280 0.00000 0.04280 0.04280
