# avg	std	min	max
0.42449 0.00000 0.42449 0.42449
0.32872 0.00000 0.32872 0.32872
0.47063 0.00000 0.47063 0.47063
0.13189 0.00000 0.13189 0.13189
-0.00036 0.00000 -0.00036 -0.00036
0.25182 0.00000 0.25182 0.25182
-0.00093 0.00000 -0.00093 -0.00093
0.09367 0.00000 0.09367 0.09367
0.84710 0.00000 0.84710 0.84710
0.62220 0.00000 0.62220 0.62220
0.46400 0.00000 0.46400 0.46400
0.47881 0.00000 0.47881 0.47881
0.07581 0.00000 0.07581 0.07581
0.30109 0.00000 0.30109 0.30109
0.29355 0.00000 0.29355 0.29355
0.05205 0.00000 0.05205 0.05205
0.18453 0.00000 0.18453 0.18453
0.16428 0.00000 0.16428 0.16428
0.20420 0.00000 0.20420 0.20420
0.35831 0.00000 0.35831 0.35831
0.29070 0.00000 0.29070 0.29070
0.06919 0.00000 0.06919 0.06919
-0.43616 0.00000 -0.43616 -0.43616
