# avg	std	min	max
1.46848 0.00000 1.46848 1.46848
0.80518 0.00000 0.80518 0.80518
0.01062 0.00000 0.01062 0.01062
-0.48202 0.00000 -0.48202 -0.48202
-0.22678 0.00000 -0.22678 -0.22678
-0.42618 0.00000 -0.42618 -0.42618
-0.60609 0.00000 -0.60609 -0.60609
-1.12583 0.00000 -1.12583 -1.12583
0.17216 0.00000 0.17216 0.17216
1.07702 0.00000 1.07702 1.07702
0.19945 0.00000 0.19945 0.19945
0.56212 0.00000 0.56212 0.56212
0.06346 0.00000 0.06346 0.06346
0.77227 0.00000 0.77227 0.77227
0.45130 0.00000 0.45130 0.45130
0.83094 0.00000 0.83094 0.83094
0.35803 0.00000 0.35803 0.35803
-0.23207 0.00000 -0.23207 -0.23207
-0.13323 0.00000 -0.13323 -0.13323
0.53394 0.00000 0.53394 0.53394
0.61915 0.00000 0.61915 0.61915
-0.22416 0.00000 -0.22416 -0.22416
0.26535 0.00000 0.26535 0.26535
