# avg	std	min	max
2.60849 0.00000 2.60849 2.60849
1.31433 0.00000 1.31433 1.31433
0.65473 0.00000 0.65473 0.65473
0.50363 0.00000 0.50363 0.50363
-0.00340 0.00000 -0.00340 -0.00340
0.37213 0.00000 0.37213 0.37213
0.83096 0.00000 0.83096 0.83096
0.68542 0.00000 0.68542 0.68542
3.65936 0.00000 3.65936 3.65936
1.59329 0.00000 1.59329 1.59329
1.64050 0.00000 1.64050 1.64050
1.74224 0.00000 1.74224 1.74224
0.96446 0.00000 0.96446 0.96446
1.05913 0.00000 1.05913 1.05913
0.90884 0.00000 0.90884 0.90884
1.73022 0.00000 1.73022 1.73022
0.77714 0.00000 0.77714 0.77714
0.50042 0.00000 0.50042 0.50042
0.51424 0.00000 0.51424 0.51424
1.02270 0.00000 1.02270 1.02270
1.31490 0.00000 1.31490 1.31490
1.26572 0.00000 1.26572 1.26572
0.48461 0.00000 0.48461 0.48461
