# avg	std	min	max
2.01778 0.00000 2.01778 2.01778
1.03418 0.00000 1.03418 1.03418
0.83360 0.00000 0.83360 0.83360
-0.25877 0.00000 -0.25877 -0.25877
0.00460 0.00000 0.00460 0.00460
-0.23643 0.00000 -0.23643 -0.23643
-0.35742 0.00000 -0.35742 -0.35742
-0.30480 0.00000 -0.30480 -0.30480
4.25797 0.00000 4.25797 4.25797
1.49480 0.00000 1.49480 1.49480
1.15666 0.00000 1.15666 1.15666
1.41473 0.00000 1.41473 1.41473
-0.29557 0.00000 -0.29557 -0.29557
0.63657 0.00000 0.63657 0.63657
0.86109 0.00000 0.86109 0.86109
1.37067 0.00000 1.37067 1.37067
0.81693 0.00000 0.81693 0.81693
0.24617 0.00000 0.24617 0.24617
0.44015 0.00000 0.44015 0.44015
0.53640 0.00000 0.53640 0.53640
1.02363 0.00000 1.02363 1.02363
1.01000 0.00000 1.01000 1.01000
-0.70046 0.00000 -0.70046 -0.70046
