# avg	std	min	max
2.24490 0.00000 2.24490 2.24490
1.26696 0.00000 1.26696 1.26696
0.91065 0.00000 0.91065 0.91065
-0.45196 0.00000 -0.45196 -0.45196
-0.00188 0.00000 -0.00188 -0.00188
-0.32584 0.00000 -0.32584 -0.32584
0.05455 0.00000 0.05455 0.05455
-0.57218 0.00000 -0.57218 -0.57218
2.55287 0.00000 2.55287 2.55287
1.35107 0.00000 1.35107 1.35107
1.46536 0.00000 1.46536 1.46536
1.27849 0.00000 1.27849 1.27849
0.11714 0.00000 0.11714 0.11714
0.89521 0.00000 0.89521 0.89521
0.61031 0.00000 0.61031 0.61031
0.38621 0.00000 0.38621 0.38621
0.20763 0.00000 0.20763 0.20763
0.51677 0.00000 0.51677 0.51677
0.28137 0.00000 0.28137 0.28137
1.01249 0.00000 1.01249 1.01249
1.31145 0.00000 1.31145 1.31145
1.93673 0.00000 1.93673 1.93673
-0.43728 0.00000 -0.43728 -0.43728
