# avg	std	min	max
1.48571 0.00000 1.48571 1.48571
0.68824 0.00000 0.68824 0.68824
0.72920 0.00000 0.72920 0.72920
0.14497 0.00000 0.14497 0.14497
-0.00025 0.00000 -0.00025 -0.00025
-0.06618 0.00000 -0.06618 -0.06618
0.03710 0.00000 0.03710 0.03710
-0.11373 0.00000 -0.11373 -0.11373
4.17530 0.00000 4.17530 4.17530
0.75013 0.00000 0.75013 0.75013
1.23321 0.00000 1.23321 1.23321
1.14360 0.00000 1.14360 1.14360
0.07952 0.00000 0.07952 0.07952
0.57952 0.00000 0.57952 0.57952
0.14437 0.00000 0.14437 0.14437
1.38848 0.00000 1.38848 1.38848
1.06236 0.00000 1.06236 1.06236
0.03241 0.00000 0.03241 0.03241
-0.36219 0.00000 -0.36219 -0.36219
0.60556 0.00000 0.60556 0.60556
1.37974 0.00000 1.37974 1.37974
0.96829 0.00000 0.96829 0.96829
-0.19223 0.00000 -0.19223 -0.19223
