# avg	std	min	max
0.74078 0.00000 0.74078 0.74078
0.27195 0.00000 0.27195 0.27195
0.38989 0.00000 0.38989 0.38989
-0.01823 0.00000 -0.01823 -0.01823
0.04688 0.00000 0.04688 0.04688
-0.11443 0.00000 -0.11443 -0.11443
-0.10349 0.00000 -0.10349 -0.10349
-0.47436 0.00000 -0.47436 -0.47436
-0.88663 0.00000 -0.88663 -0.88663
0.14251 0.00000 0.14251 0.14251
0.07796 0.00000 0.07796 0.07796
0.60461 0.00000 0.60461 0.60461
0.01406 0.00000 0.01406 0.01406
0.23287 0.00000 0.23287 0.23287
-0.10044 0.00000 -0.10044 -0.10044
-0.39285 0.00000 -0.39285 -0.39285
-0.41641 0.00000 -0.41641 -0.41641
-0.01066 0.00000 -0.01066 -0.01066
-0.06510 0.00000 -0.06510 -0.06510
0.65857 0.00000 0.65857 0.65857
0.46506 0.00000 0.46506 0.46506
0.42113 0.00000 0.42113 0.42113
0.24024 0.00000 0.24024 0.24024
