# avg	std	min	max
1.51697 0.00000 1.51697 1.51697
0.49505 0.00000 0.49505 0.49505
0.17964 0.00000 0.17964 0.17964
-1.56214 0.00000 -1.56214 -1.56214
-0.77315 0.00000 -0.77315 -0.77315
-0.59123 0.00000 -0.59123 -0.59123
0.59014 0.00000 0.59014 0.59014
1.68308 0.00000 1.68308 1.68308
3.91068 0.00000 3.91068 3.91068
0.28078 0.00000 0.28078 0.28078
-0.87854 0.00000 -0.87854 -0.87854
0.74916 0.00000 0.74916 0.74916
1.55330 0.00000 1.55330 1.55330
0.52310 0.00000 0.52310 0.52310
0.51504 0.00000 0.51504 0.51504
2.21779 0.00000 2.21779 2.21779
1.19218 0.00000 1.19218 1.19218
-0.01932 0.00000 -0.01932 -0.01932
-1.12252 0.00000 -1.12252 -1.12252
1.88647 0.00000 1.88647 1.88647
1.80671 0.00000 1.80671 1.80671
1.43722 0.00000 1.43722 1.43722
1.86683 0.00000 1.86683 1.86683
