# avg	std	min	max
1.85816 0.00000 1.85816 1.85816
1.18621 0.00000 1.18621 1.18621
0.83785 0.00000 0.83785 0.83785
-0.11999 0.00000 -0.11999 -0.11999
-0.18974 0.00000 -0.18974 -0.18974
-0.64019 0.00000 -0.64019 -0.64019
-0.20990 0.00000 -0.20990 -0.20990
-0.67651 0.00000 -0.67651 -0.67651
4.19131 0.00000 4.19131 4.19131
1.04145 0.00000 1.04145 1.04145
1.35289 0.00000 1.35289 1.35289
0.62468 0.00000 0.62468 0.62468
-0.09382 0.00000 -0.09382 -0.09382
0.17819 0.00000 0.17819 0.17819
0.40876 0.00000 0.40876 0.40876
1.10285 0.00000 1.10285 1.10285
1.02762 0.00000 1.02762 1.02762
-0.00963 0.00000 -0.00963 -0.00963
0.03626 0.00000 0.03626 0.03626
0.24400 0.00000 0.24400 0.24400
1.19526 0.00000 1.19526 1.19526
0.86687 0.00000 0.86687 0.86687
-0.33369 0.00000 -0.33369 -0.33369
