# avg	std	min	max
0.46773 0.00000 0.46773 0.46773
0.35288 0.00000 0.35288 0.35288
0.46731 0.00000 0.46731 0.46731
0.08244 0.00000 0.08244 0.08244
0.39025 0.00000 0.39025 0.39025
0.28858 0.00000 0.28858 0.28858
0.32077 0.00000 0.32077 0.32077
0.05367 0.00000 0.05367 0.05367
-0.15744 0.00000 -0.15744 -0.15744
0.51003 0.00000 0.51003 0.51003
0.42716 0.00000 0.42716 0.42716
0.44650 0.00000 0.44650 0.44650
0.23971 0.00000 0.23971 0.23971
0.28337 0.00000 0.28337 0.28337
0.17835 0.00000 0.17835 0.17835
0.56749 0.00000 0.56749 0.56749
0.02083 0.00000 0.02083 0.02083
-0.01342 0.00000 -0.01342 -0.01342
-0.45144 0.00000 -0.45144 -0.45144
0.54450 0.00000 0.54450 0.54450
0.67450 0.00000 0.67450 0.67450
0.61523 0.00000 0.61523 0.61523
-0.16250 0.00000 -0.16250 -0.16250
