# avg	std	min	max
0.80668 0.00000 0.80668 0.80668
0.69070 0.00000 0.69070 0.69070
0.49628 0.00000 0.49628 0.49628
0.27897 0.00000 0.27897 0.27897
0.31291 0.00000 0.31291 0.31291
0.16774 0.00000 0.16774 0.16774
-0.24734 0.00000 -0.24734 -0.24734
-0.19478 0.00000 -0.19478 -0.19478
0.29853 0.00000 0.29853 0.29853
0.88625 0.00000 0.88625 0.88625
0.52067 0.00000 0.52067 0.52067
0.33567 0.00000 0.33567 0.33567
-0.17429 0.00000 -0.17429 -0.17429
-0.11163 0.00000 -0.11163 -0.11163
0.11427 0.00000 0.11427 0.11427
0.05399 0.00000 0.05399 0.05399
0.10922 0.00000 0.10922 0.10922
-0.00172 0.00000 -0.00172 -0.00172
-0.29519 0.00000 -0.29519 -0.29519
0.08895 0.00000 0.08895 0.08895
0.68176 0.00000 0.68176 0.68176
0.43512 0.00000 0.43512 0.43512
-0.67692 0.00000 -0.67692 -0.67692
