# avg	std	min	max
0.32456 0.00000 0.32456 0.32456
0.23363 0.00000 0.23363 0.23363
0.25876 0.00000 0.25876 0.25876
0.15258 0.00000 0.15258 0.15258
0.33172 0.00000 0.33172 0.33172
0.27490 0.00000 0.27490 0.27490
-0.03123 0.00000 -0.03123 -0.03123
0.09221 0.00000 0.09221 0.09221
-0.09489 0.00000 -0.09489 -0.09489
0.37404 0.00000 0.37404 0.37404
0.15433 0.00000 0.15433 0.15433
0.24032 0.00000 0.24032 0.24032
0.02908 0.00000 0.02908 0.02908
0.17556 0.00000 0.17556 0.17556
0.11780 0.00000 0.11780 0.11780
-0.11514 0.00000 -0.11514 -0.11514
-0.12216 0.00000 -0.12216 -0.12216
-0.02098 0.00000 -0.02098 -0.02098
0.11522 0.00000 0.11522 0.11522
0.42087 0.00000 0.42087 0.42087
0.43528 0.00000 0.43528 0.43528
0.34867 0.00000 0.34867 0.34867
-0.40936 0.00000 -0.40936 -0.40936
