# avg	std	min	max
-1.83363 0.00000 -1.83363 -1.83363
0.77350 0.00000 0.77350 0.77350
1.21501 0.00000 1.21501 1.21501
0.44624 0.00000 0.44624 0.44624
1.05425 0.00000 1.05425 1.05425
0.39123 0.00000 0.39123 0.39123
0.34387 0.00000 0.34387 0.34387
0.61202 0.00000 0.61202 0.61202
3.06385 0.00000 3.06385 3.06385
0.53451 0.00000 0.53451 0.53451
1.23287 0.00000 1.23287 1.23287
0.55030 0.00000 0.55030 0.55030
0.41800 0.00000 0.41800 0.41800
0.03389 0.00000 0.03389 0.03389
0.07394 0.00000 0.07394 0.07394
0.37029 0.00000 0.37029 0.37029
0.14504 0.00000 0.14504 0.14504
-0.09589 0.00000 -0.09589 -0.09589
-0.43219 0.00000 -0.43219 -0.43219
0.19032 0.00000 0.19032 0.19032
0.13072 0.00000 0.13072 0.13072
0.63867 0.00000 0.63867 0.63867
-0.24755 0.00000 -0.24755 -0.24755
