# avg	std	min	max
0.51326 0.00000 0.51326 0.51326
0.30355 0.00000 0.30355 0.30355
0.69059 0.00000 0.69059 0.69059
0.43787 0.00000 0.43787 0.43787
0.64447 0.00000 0.64447 0.64447
0.64599 0.00000 0.64599 0.64599
0.30136 0.00000 0.30136 0.30136
0.44030 0.00000 0.44030 0.44030
-0.09681 0.00000 -0.09681 -0.09681
0.53262 0.00000 0.53262 0.53262
0.54976 0.00000 0.54976 0.54976
0.46258 0.00000 0.46258 0.46258
0.29321 0.00000 0.29321 0.29321
0.23626 0.00000 0.23626 0.23626
0.18185 0.00000 0.18185 0.18185
0.07348 0.00000 0.07348 0.07348
-0.05169 0.00000 -0.05169 -0.05169
-0.02128 0.00000 -0.02128 -0.02128
0.15813 0.00000 0.15813 0.15813
0.43997 0.00000 0.43997 0.43997
-0.21045 0.00000 -0.21045 -0.21045
0.35284 0.00000 0.35284 0.35284
-0.24334 0.00000 -0.24334 -0.24334
