# avg	std	min	max
0.21814 0.00000 0.21814 0.21814
0.46309 0.00000 0.46309 0.46309
0.64753 0.00000 0.64753 0.64753
0.05528 0.00000 0.05528 0.05528
0.69034 0.00000 0.69034 0.69034
-0.08989 0.00000 -0.08989 -0.08989
-0.58526 0.00000 -0.58526 -0.58526
-0.32112 0.00000 -0.32112 -0.32112
-0.69603 0.00000 -0.69603 -0.69603
0.35416 0.00000 0.35416 0.35416
0.49436 0.00000 0.49436 0.49436
0.23266 0.00000 0.23266 0.23266
-0.33072 0.00000 -0.33072 -0.33072
-0.34628 0.00000 -0.34628 -0.34628
-0.13377 0.00000 -0.13377 -0.13377
0.26653 0.00000 0.26653 0.26653
0.64842 0.00000 0.64842 0.64842
0.00284 0.00000 0.00284 0.00284
-0.24309 0.00000 -0.24309 -0.24309
0.13268 0.00000 0.13268 0.13268
0.70785 0.00000 0.70785 0.70785
0.90079 0.00000 0.90079 0.90079
-0.37873 0.00000 -0.37873 -0.37873
