# avg	std	min	max
1.17202 0.00000 1.17202 1.17202
0.34612 0.00000 0.34612 0.34612
1.32559 0.00000 1.32559 1.32559
0.06330 0.00000 0.06330 0.06330
0.73247 0.00000 0.73247 0.73247
-0.07734 0.00000 -0.07734 -0.07734
0.24020 0.00000 0.24020 0.24020
-0.39440 0.00000 -0.39440 -0.39440
3.85982 0.00000 3.85982 3.85982
0.40206 0.00000 0.40206 0.40206
0.96534 0.00000 0.96534 0.96534
1.17644 0.00000 1.17644 1.17644
0.48510 0.00000 0.48510 0.48510
0.54107 0.00000 0.54107 0.54107
0.09856 0.00000 0.09856 0.09856
1.16960 0.00000 1.16960 1.16960
0.90416 0.00000 0.90416 0.90416
-0.03804 0.00000 -0.03804 -0.03804
-0.17056 0.00000 -0.17056 -0.17056
0.65696 0.00000 0.65696 0.65696
1.14806 0.00000 1.14806 1.14806
1.26099 0.00000 1.26099 1.26099
0.50138 0.00000 0.50138 0.50138
