# avg	std	min	max
2.33053 0.00000 2.33053 2.33053
2.31062 0.00000 2.31062 2.31062
2.23404 0.00000 2.23404 2.23404
2.03028 0.00000 2.03028 2.03028
2.05042 0.00000 2.05042 2.05042
1.97056 0.00000 1.97056 1.97056
1.96986 0.00000 1.96986 1.96986
1.95554 0.00000 1.95554 1.95554
-0.12272 0.00000 -0.12272 -0.12272
2.03630 0.00000 2.03630 2.03630
2.27876 0.00000 2.27876 2.27876
2.10358 0.00000 2.10358 2.10358
2.10133 0.00000 2.10133 2.10133
1.79963 0.00000 1.79963 1.79963
1.74043 0.00000 1.74043 1.74043
2.40945 0.00000 2.40945 2.40945
1.77952 0.00000 1.77952 1.77952
-0.00113 0.00000 -0.00113 -0.00113
1.55298 0.00000 1.55298 1.55298
2.14466 0.00000 2.14466 2.14466
2.00393 0.00000 2.00393 2.00393
2.39598 0.00000 2.39598 2.39598
2.23594 0.00000 2.23594 2.23594
