# avg	std	min	max
1.20251 0.00000 1.20251 1.20251
0.51620 0.00000 0.51620 0.51620
0.64904 0.00000 0.64904 0.64904
0.38120 0.00000 0.38120 0.38120
0.37578 0.00000 0.37578 0.37578
0.40341 0.00000 0.40341 0.40341
0.19434 0.00000 0.19434 0.19434
0.27540 0.00000 0.27540 0.27540
-1.24497 0.00000 -1.24497 -1.24497
0.88580 0.00000 0.88580 0.88580
0.85284 0.00000 0.85284 0.85284
1.13918 0.00000 1.13918 1.13918
0.26323 0.00000 0.26323 0.26323
1.17083 0.00000 1.17083 1.17083
0.54062 0.00000 0.54062 0.54062
0.95743 0.00000 0.95743 0.95743
-0.05617 0.00000 -0.05617 -0.05617
-0.02513 0.00000 -0.02513 -0.02513
-0.52247 0.00000 -0.52247 -0.52247
1.08291 0.00000 1.08291 1.08291
0.79101 0.00000 0.79101 0.79101
0.72092 0.00000 0.72092 0.72092
-0.33277 0.00000 -0.33277 -0.33277
