# avg	std	min	max
0.86262 0.00000 0.86262 0.86262
0.16779 0.00000 0.16779 0.16779
1.09679 0.00000 1.09679 1.09679
-0.13896 0.00000 -0.13896 -0.13896
0.92598 0.00000 0.92598 0.92598
-0.24556 0.00000 -0.24556 -0.24556
0.45174 0.00000 0.45174 0.45174
-0.10296 0.00000 -0.10296 -0.10296
2.06187 0.00000 2.06187 2.06187
0.00527 0.00000 0.00527 0.00527
0.40409 0.00000 0.40409 0.40409
0.67311 0.00000 0.67311 0.67311
0.36688 0.00000 0.36688 0.36688
0.10494 0.00000 0.10494 0.10494
-0.25882 0.00000 -0.25882 -0.25882
0.15575 0.00000 0.15575 0.15575
0.04387 0.00000 0.04387 0.04387
-0.02716 0.00000 -0.02716 -0.02716
0.09510 0.00000 0.09510 0.09510
0.35146 0.00000 0.35146 0.35146
0.26271 0.00000 0.26271 0.26271
1.05034 0.00000 1.05034 1.05034
-0.07348 0.00000 -0.07348 -0.07348
