# avg	std	min	max
2.69805 0.00000 2.69805 2.69805
0.85991 0.00000 0.85991 0.85991
0.84654 0.00000 0.84654 0.84654
0.41135 0.00000 0.41135 0.41135
0.66420 0.00000 0.66420 0.66420
0.78384 0.00000 0.78384 0.78384
-0.10632 0.00000 -0.10632 -0.10632
0.16283 0.00000 0.16283 0.16283
3.84085 0.00000 3.84085 3.84085
1.01016 0.00000 1.01016 1.01016
0.91861 0.00000 0.91861 0.91861
0.64986 0.00000 0.64986 0.64986
0.36231 0.00000 0.36231 0.36231
0.50582 0.00000 0.50582 0.50582
0.24244 0.00000 0.24244 0.24244
0.99949 0.00000 0.99949 0.99949
1.05145 0.00000 1.05145 1.05145
0.00000 0.00000 0.00000 0.00000
-0.36954 0.00000 -0.36954 -0.36954
0.75408 0.00000 0.75408 0.75408
1.51114 0.00000 1.51114 1.51114
1.82624 0.00000 1.82624 1.82624
0.33938 0.00000 0.33938 0.33938
