# avg	std	min	max
1.95726 0.00000 1.95726 1.95726
0.71412 0.00000 0.71412 0.71412
0.23942 0.00000 0.23942 0.23942
-0.59917 0.00000 -0.59917 -0.59917
-0.30822 0.00000 -0.30822 -0.30822
-0.22897 0.00000 -0.22897 -0.22897
-0.38604 0.00000 -0.38604 -0.38604
-0.34489 0.00000 -0.34489 -0.34489
3.64473 0.00000 3.64473 3.64473
0.95738 0.00000 0.95738 0.95738
1.18774 0.00000 1.18774 1.18774
1.10717 0.00000 1.10717 1.10717
-0.26729 0.00000 -0.26729 -0.26729
0.44434 0.00000 0.44434 0.44434
0.15278 0.00000 0.15278 0.15278
1.41106 0.00000 1.41106 1.41106
0.69042 0.00000 0.69042 0.69042
-0.03648 0.00000 -0.03648 -0.03648
-0.09006 0.00000 -0.09006 -0.09006
0.12568 0.00000 0.12568 0.12568
1.24449 0.00000 1.24449 1.24449
1.64042 0.00000 1.64042 1.64042
-0.55918 0.00000 -0.55918 -0.55918
