# avg	std	min	max
3.11037 0.00000 3.11037 3.11037
2.09327 0.00000 2.09327 2.09327
1.70610 0.00000 1.70610 1.70610
-0.00741 0.00000 -0.00741 -0.00741
-0.29030 0.00000 -0.29030 -0.29030
0.59386 0.00000 0.59386 0.59386
-0.13935 0.00000 -0.13935 -0.13935
-0.10285 0.00000 -0.10285 -0.10285
5.84060 0.00000 5.84060 5.84060
2.23036 0.00000 2.23036 2.23036
2.65726 0.00000 2.65726 2.65726
1.77941 0.00000 1.77941 1.77941
0.41563 0.00000 0.41563 0.41563
1.55492 0.00000 1.55492 1.55492
1.19171 0.00000 1.19171 1.19171
3.02042 0.00000 3.02042 3.02042
2.43408 0.00000 2.43408 2.43408
1.05136 0.00000 1.05136 1.05136
1.28685 0.00000 1.28685 1.28685
1.41761 0.00000 1.41761 1.41761
3.34796 0.00000 3.34796 3.34796
4.33590 0.00000 4.33590 4.33590
0.93743 0.00000 0.93743 0.93743
