# avg	std	min	max
2.80948 0.00000 2.80948 2.80948
1.88312 0.00000 1.88312 1.88312
2.05101 0.00000 2.05101 2.05101
-0.00024 0.00000 -0.00024 -0.00024
1.07709 0.00000 1.07709 1.07709
-0.34934 0.00000 -0.34934 -0.34934
0.81043 0.00000 0.81043 0.81043
0.99899 0.00000 0.99899 0.99899
1.78040 0.00000 1.78040 1.78040
2.51623 0.00000 2.51623 2.51623
1.62893 0.00000 1.62893 1.62893
2.67600 0.00000 2.67600 2.67600
0.66505 0.00000 0.66505 0.66505
2.00524 0.00000 2.00524 2.00524
1.34127 0.00000 1.34127 1.34127
2.80432 0.00000 2.80432 2.80432
1.54353 0.00000 1.54353 1.54353
0.96779 0.00000 0.96779 0.96779
0.82640 0.00000 0.82640 0.82640
1.73080 0.00000 1.73080 1.73080
3.49435 0.00000 3.49435 3.49435
4.26006 0.00000 4.26006 4.26006
0.36872 0.00000 0.36872 0.36872
