# avg	std	min	max
5.27680 0.00000 5.27680 5.27680
3.69785 0.00000 3.69785 3.69785
3.88627 0.00000 3.88627 3.88627
-0.01418 0.00000 -0.01418 -0.01418
3.80714 0.00000 3.80714 3.80714
0.81845 0.00000 0.81845 0.81845
0.86924 0.00000 0.86924 0.86924
6.83783 0.00000 6.83783 6.83783
8.95694 0.00000 8.95694 8.95694
4.21373 0.00000 4.21373 4.21373
2.84017 0.00000 2.84017 2.84017
3.79003 0.00000 3.79003 3.79003
2.06403 0.00000 2.06403 2.06403
3.84339 0.00000 3.84339 3.84339
2.96557 0.00000 2.96557 2.96557
5.13117 0.00000 5.13117 5.13117
4.48954 0.00000 4.48954 4.48954
4.16944 0.00000 4.16944 4.16944
5.78199 0.00000 5.78199 5.78199
3.10842 0.00000 3.10842 3.10842
8.20883 0.00000 8.20883 8.20883
11.44192 0.00000 11.44192 11.44192
15.99650 0.00000 15.99650 15.99650
