# avg	std	min	max
5.54033 0.00000 5.54033 5.54033
3.83848 0.00000 3.83848 3.83848
4.50859 0.00000 4.50859 4.50859
-0.01385 0.00000 -0.01385 -0.01385
2.89322 0.00000 2.89322 2.89322
0.46708 0.00000 0.46708 0.46708
1.44425 0.00000 1.44425 1.44425
5.75316 0.00000 5.75316 5.75316
8.01844 0.00000 8.01844 8.01844
4.67323 0.00000 4.67323 4.67323
3.72817 0.00000 3.72817 3.72817
4.02451 0.00000 4.02451 4.02451
4.90563 0.00000 4.90563 4.90563
3.61998 0.00000 3.61998 3.61998
4.07493 0.00000 4.07493 4.07493
5.71182 0.00000 5.71182 5.71182
5.04298 0.00000 5.04298 5.04298
5.21999 0.00000 5.21999 5.21999
4.96776 0.00000 4.96776 4.96776
3.59166 0.00000 3.59166 3.59166
8.81590 0.00000 8.81590 8.81590
9.91637 0.00000 9.91637 9.91637
17.41020 0.00000 17.41020 17.41020
