# avg	std	min	max
1.32613 0.00000 1.32613 1.32613
0.30824 0.00000 0.30824 0.30824
0.66947 0.00000 0.66947 0.66947
-0.00006 0.00000 -0.00006 -0.00006
-0.30681 0.00000 -0.30681 -0.30681
-0.21316 0.00000 -0.21316 -0.21316
-0.00339 0.00000 -0.00339 -0.00339
0.05009 0.00000 0.05009 0.05009
4.01298 0.00000 4.01298 4.01298
0.48012 0.00000 0.48012 0.48012
0.66722 0.00000 0.66722 0.66722
0.45689 0.00000 0.45689 0.45689
0.07438 0.00000 0.07438 0.07438
0.36983 0.00000 0.36983 0.36983
0.21301 0.00000 0.21301 0.21301
0.58551 0.00000 0.58551 0.58551
0.28219 0.00000 0.28219 0.28219
-0.08846 0.00000 -0.08846 -0.08846
-0.23573 0.00000 -0.23573 -0.23573
0.61133 0.00000 0.61133 0.61133
0.52433 0.00000 0.52433 0.52433
0.59255 0.00000 0.59255 0.59255
-0.54393 0.00000 -0.54393 -0.54393
