# avg	std	min	max
4.89189 0.00000 4.89189 4.89189
3.60469 0.00000 3.60469 3.60469
2.37060 0.00000 2.37060 2.37060
-0.01002 0.00000 -0.01002 -0.01002
0.87197 0.00000 0.87197 0.87197
0.25187 0.00000 0.25187 0.25187
3.04887 0.00000 3.04887 3.04887
1.47064 0.00000 1.47064 1.47064
5.89648 0.00000 5.89648 5.89648
3.23313 0.00000 3.23313 3.23313
1.49144 0.00000 1.49144 1.49144
3.45505 0.00000 3.45505 3.45505
3.34909 0.00000 3.34909 3.34909
4.03627 0.00000 4.03627 4.03627
3.29283 0.00000 3.29283 3.29283
4.30332 0.00000 4.30332 4.30332
3.92617 0.00000 3.92617 3.92617
3.47502 0.00000 3.47502 3.47502
3.29997 0.00000 3.29997 3.29997
3.08185 0.00000 3.08185 3.08185
5.12408 0.00000 5.12408 5.12408
6.84240 0.00000 6.84240 6.84240
2.54158 0.00000 2.54158 2.54158
