# avg	std	min	max
3.75282 0.00000 3.75282 3.75282
2.43185 0.00000 2.43185 2.43185
1.41649 0.00000 1.41649 1.41649
-0.00533 0.00000 -0.00533 -0.00533
0.64922 0.00000 0.64922 0.64922
0.27557 0.00000 0.27557 0.27557
0.08124 0.00000 0.08124 0.08124
-0.51752 0.00000 -0.51752 -0.51752
5.50914 0.00000 5.50914 5.50914
2.80233 0.00000 2.80233 2.80233
2.08155 0.00000 2.08155 2.08155
2.37676 0.00000 2.37676 2.37676
0.33638 0.00000 0.33638 0.33638
2.55940 0.00000 2.55940 2.55940
1.80951 0.00000 1.80951 1.80951
3.78275 0.00000 3.78275 3.78275
2.86445 0.00000 2.86445 2.86445
1.42450 0.00000 1.42450 1.42450
1.71122 0.00000 1.71122 1.71122
2.14107 0.00000 2.14107 2.14107
4.82037 0.00000 4.82037 4.82037
7.28714 0.00000 7.28714 7.28714
0.91369 0.00000 0.91369 0.91369
