# avg	std	min	max
2.20449 0.00000 2.20449 2.20449
1.75032 0.00000 1.75032 1.75032
1.34918 0.00000 1.34918 1.34918
-0.01650 0.00000 -0.01650 -0.01650
0.38950 0.00000 0.38950 0.38950
-0.30793 0.00000 -0.30793 -0.30793
1.01018 0.00000 1.01018 1.01018
1.40318 0.00000 1.40318 1.40318
0.41441 0.00000 0.41441 0.41441
1.99440 0.00000 1.99440 1.99440
1.44696 0.00000 1.44696 1.44696
1.70773 0.00000 1.70773 1.70773
1.50683 0.00000 1.50683 1.50683
2.04223 0.00000 2.04223 2.04223
0.86553 0.00000 0.86553 0.86553
1.54944 0.00000 1.54944 1.54944
0.94586 0.00000 0.94586 0.94586
0.96002 0.00000 0.96002 0.96002
0.89992 0.00000 0.89992 0.89992
1.21431 0.00000 1.21431 1.21431
1.62461 0.00000 1.62461 1.62461
1.13931 0.00000 1.13931 1.13931
0.51680 0.00000 0.51680 0.51680
