# avg	std	min	max
4.40985 0.00000 4.40985 4.40985
2.60292 0.00000 2.60292 2.60292
3.06652 0.00000 3.06652 3.06652
-0.09531 0.00000 -0.09531 -0.09531
1.39615 0.00000 1.39615 1.39615
0.29512 0.00000 0.29512 0.29512
0.27734 0.00000 0.27734 0.27734
4.83418 0.00000 4.83418 4.83418
6.41879 0.00000 6.41879 6.41879
4.48028 0.00000 4.48028 4.48028
2.20888 0.00000 2.20888 2.20888
3.80335 0.00000 3.80335 3.80335
4.74204 0.00000 4.74204 4.74204
3.34802 0.00000 3.34802 3.34802
2.93276 0.00000 2.93276 2.93276
3.53125 0.00000 3.53125 3.53125
2.49265 0.00000 2.49265 2.49265
4.11768 0.00000 4.11768 4.11768
3.64274 0.00000 3.64274 3.64274
3.09270 0.00000 3.09270 3.09270
6.40319 0.00000 6.40319 6.40319
8.27192 0.00000 8.27192 8.27192
9.56219 0.00000 9.56219 9.56219
