# avg	std	min	max
2.06710 0.00000 2.06710 2.06710
0.86299 0.00000 0.86299 0.86299
0.79843 0.00000 0.79843 0.79843
-0.00030 0.00000 -0.00030 -0.00030
-0.01030 0.00000 -0.01030 -0.01030
0.07829 0.00000 0.07829 0.07829
0.20931 0.00000 0.20931 0.20931
0.46703 0.00000 0.46703 0.46703
0.66686 0.00000 0.66686 0.66686
1.14869 0.00000 1.14869 1.14869
1.10059 0.00000 1.10059 1.10059
1.31552 0.00000 1.31552 1.31552
0.29400 0.00000 0.29400 0.29400
1.03879 0.00000 1.03879 1.03879
0.36580 0.00000 0.36580 0.36580
1.38453 0.00000 1.38453 1.38453
0.93960 0.00000 0.93960 0.93960
0.30104 0.00000 0.30104 0.30104
-0.04466 0.00000 -0.04466 -0.04466
0.88078 0.00000 0.88078 0.88078
1.41322 0.00000 1.41322 1.41322
1.45622 0.00000 1.45622 1.45622
0.28205 0.00000 0.28205 0.28205
