# avg	std	min	max
1.12322 0.00000 1.12322 1.12322
0.32139 0.00000 0.32139 0.32139
0.55608 0.00000 0.55608 0.55608
0.01104 0.00000 0.01104 0.01104
0.10335 0.00000 0.10335 0.10335
-0.40100 0.00000 -0.40100 -0.40100
-0.07992 0.00000 -0.07992 -0.07992
-0.27060 0.00000 -0.27060 -0.27060
2.78593 0.00000 2.78593 2.78593
0.23470 0.00000 0.23470 0.23470
0.76638 0.00000 0.76638 0.76638
0.89597 0.00000 0.89597 0.89597
-0.01253 0.00000 -0.01253 -0.01253
0.36032 0.00000 0.36032 0.36032
0.22129 0.00000 0.22129 0.22129
0.64591 0.00000 0.64591 0.64591
0.32710 0.00000 0.32710 0.32710
-0.40869 0.00000 -0.40869 -0.40869
-0.07661 0.00000 -0.07661 -0.07661
0.59155 0.00000 0.59155 0.59155
0.57924 0.00000 0.57924 0.57924
0.65170 0.00000 0.65170 0.65170
-0.30460 0.00000 -0.30460 -0.30460
