# avg	std	min	max
0.13156 0.00000 0.13156 0.13156
-0.03515 0.00000 -0.03515 -0.03515
0.06582 0.00000 0.06582 0.06582
0.00103 0.00000 0.00103 0.00103
0.02648 0.00000 0.02648 0.02648
0.00044 0.00000 0.00044 0.00044
-0.02779 0.00000 -0.02779 -0.02779
0.05090 0.00000 0.05090 0.05090
1.99387 0.00000 1.99387 1.99387
-0.81022 0.00000 -0.81022 -0.81022
-0.38835 0.00000 -0.38835 -0.38835
-0.12254 0.00000 -0.12254 -0.12254
-0.03107 0.00000 -0.03107 -0.03107
-0.47740 0.00000 -0.47740 -0.47740
-0.57626 0.00000 -0.57626 -0.57626
-0.95050 0.00000 -0.95050 -0.95050
-0.78475 0.00000 -0.78475 -0.78475
-0.64218 0.00000 -0.64218 -0.64218
-1.14868 0.00000 -1.14868 -1.14868
-0.50329 0.00000 -0.50329 -0.50329
-0.74384 0.00000 -0.74384 -0.74384
-0.00891 0.00000 -0.00891 -0.00891
-0.29213 0.00000 -0.29213 -0.29213
