# avg	std	min	max
0.28640 0.00000 0.28640 0.28640
0.12886 0.00000 0.12886 0.12886
-0.06457 0.00000 -0.06457 -0.06457
0.00094 0.00000 0.00094 0.00094
0.05780 0.00000 0.05780 0.05780
0.14079 0.00000 0.14079 0.14079
-0.00432 0.00000 -0.00432 -0.00432
0.02060 0.00000 0.02060 0.02060
0.77676 0.00000 0.77676 0.77676
-0.06648 0.00000 -0.06648 -0.06648
-0.18546 0.00000 -0.18546 -0.18546
-0.01759 0.00000 -0.01759 -0.01759
0.02777 0.00000 0.02777 0.02777
-0.34680 0.00000 -0.34680 -0.34680
-0.60610 0.00000 -0.60610 -0.60610
-0.64420 0.00000 -0.64420 -0.64420
-0.48662 0.00000 -0.48662 -0.48662
-0.61458 0.00000 -0.61458 -0.61458
-0.69577 0.00000 -0.69577 -0.69577
-0.36853 0.00000 -0.36853 -0.36853
-0.23587 0.00000 -0.23587 -0.23587
-0.03522 0.00000 -0.03522 -0.03522
-0.09819 0.00000 -0.09819 -0.09819
