# avg	std	min	max
0.49191 0.00000 0.49191 0.49191
0.40460 0.00000 0.40460 0.40460
0.31418 0.00000 0.31418 0.31418
0.00375 0.00000 0.00375 0.00375
0.17156 0.00000 0.17156 0.17156
0.25241 0.00000 0.25241 0.25241
-0.15227 0.00000 -0.15227 -0.15227
-0.00152 0.00000 -0.00152 -0.00152
0.05416 0.00000 0.05416 0.05416
0.53681 0.00000 0.53681 0.53681
0.24676 0.00000 0.24676 0.24676
0.26621 0.00000 0.26621 0.26621
-0.12247 0.00000 -0.12247 -0.12247
-0.11073 0.00000 -0.11073 -0.11073
-0.17910 0.00000 -0.17910 -0.17910
-0.48346 0.00000 -0.48346 -0.48346
-0.32282 0.00000 -0.32282 -0.32282
-0.37253 0.00000 -0.37253 -0.37253
-0.29423 0.00000 -0.29423 -0.29423
0.06836 0.00000 0.06836 0.06836
-0.14436 0.00000 -0.14436 -0.14436
0.29129 0.00000 0.29129 0.29129
-0.56685 0.00000 -0.56685 -0.56685
