# avg	std	min	max
0.26116 0.00000 0.26116 0.26116
0.00023 0.00000 0.00023 0.00023
0.05098 0.00000 0.05098 0.05098
0.00000 0.00000 0.00000 0.00000
0.05502 0.00000 0.05502 0.05502
0.05545 0.00000 0.05545 0.05545
0.02027 0.00000 0.02027 0.02027
-0.32816 0.00000 -0.32816 -0.32816
-0.34829 0.00000 -0.34829 -0.34829
-0.07308 0.00000 -0.07308 -0.07308
-0.04366 0.00000 -0.04366 -0.04366
-0.06523 0.00000 -0.06523 -0.06523
0.04744 0.00000 0.04744 0.04744
-0.37037 0.00000 -0.37037 -0.37037
-0.40183 0.00000 -0.40183 -0.40183
-0.81092 0.00000 -0.81092 -0.81092
-0.64574 0.00000 -0.64574 -0.64574
-0.39893 0.00000 -0.39893 -0.39893
-0.40554 0.00000 -0.40554 -0.40554
-0.24170 0.00000 -0.24170 -0.24170
-0.40588 0.00000 -0.40588 -0.40588
-0.15400 0.00000 -0.15400 -0.15400
-0.13814 0.00000 -0.13814 -0.13814
