# avg	std	min	max
0.42329 0.00000 0.42329 0.42329
0.15407 0.00000 0.15407 0.15407
0.00698 0.00000 0.00698 0.00698
0.00004 0.00000 0.00004 0.00004
-0.00645 0.00000 -0.00645 -0.00645
0.00272 0.00000 0.00272 0.00272
0.02437 0.00000 0.02437 0.02437
-0.00008 0.00000 -0.00008 -0.00008
-0.16835 0.00000 -0.16835 -0.16835
-0.08052 0.00000 -0.08052 -0.08052
-0.40673 0.00000 -0.40673 -0.40673
-0.06434 0.00000 -0.06434 -0.06434
0.01053 0.00000 0.01053 0.01053
-0.34350 0.00000 -0.34350 -0.34350
-0.57300 0.00000 -0.57300 -0.57300
-0.50986 0.00000 -0.50986 -0.50986
-0.52452 0.00000 -0.52452 -0.52452
-0.69763 0.00000 -0.69763 -0.69763
-0.41911 0.00000 -0.41911 -0.41911
-0.34742 0.00000 -0.34742 -0.34742
-0.48082 0.00000 -0.48082 -0.48082
-0.02056 0.00000 -0.02056 -0.02056
-0.05041 0.00000 -0.05041 -0.05041
