# avg	std	min	max
3.10014 0.00000 3.10014 3.10014
1.81588 0.00000 1.81588 1.81588
1.97035 0.00000 1.97035 1.97035
0.00206 0.00000 0.00206 0.00206
1.06960 0.00000 1.06960 1.06960
0.43134 0.00000 0.43134 0.43134
0.90597 0.00000 0.90597 0.90597
1.42053 0.00000 1.42053 1.42053
5.23629 0.00000 5.23629 5.23629
2.01872 0.00000 2.01872 2.01872
2.63440 0.00000 2.63440 2.63440
2.10102 0.00000 2.10102 2.10102
0.96134 0.00000 0.96134 0.96134
1.89920 0.00000 1.89920 1.89920
1.09078 0.00000 1.09078 1.09078
1.71200 0.00000 1.71200 1.71200
1.02648 0.00000 1.02648 1.02648
0.73218 0.00000 0.73218 0.73218
0.92818 0.00000 0.92818 0.92818
2.10731 0.00000 2.10731 2.10731
1.30207 0.00000 1.30207 1.30207
2.43427 0.00000 2.43427 2.43427
1.62616 0.00000 1.62616 1.62616
