# avg	std	min	max
-0.01980 0.00000 -0.01980 -0.01980
-0.25231 0.00000 -0.25231 -0.25231
0.37546 0.00000 0.37546 0.37546
-0.00531 0.00000 -0.00531 -0.00531
0.16719 0.00000 0.16719 0.16719
0.09575 0.00000 0.09575 0.09575
-0.13448 0.00000 -0.13448 -0.13448
-0.34276 0.00000 -0.34276 -0.34276
1.90768 0.00000 1.90768 1.90768
0.06377 0.00000 0.06377 0.06377
0.22899 0.00000 0.22899 0.22899
-0.12693 0.00000 -0.12693 -0.12693
-0.10781 0.00000 -0.10781 -0.10781
-0.30360 0.00000 -0.30360 -0.30360
-0.42989 0.00000 -0.42989 -0.42989
-0.06539 0.00000 -0.06539 -0.06539
0.04098 0.00000 0.04098 0.04098
-0.38214 0.00000 -0.38214 -0.38214
-0.74423 0.00000 -0.74423 -0.74423
-0.21817 0.00000 -0.21817 -0.21817
0.13452 0.00000 0.13452 0.13452
0.44387 0.00000 0.44387 0.44387
-0.70323 0.00000 -0.70323 -0.70323
