# avg	std	min	max
2.20584 0.00000 2.20584 2.20584
1.26866 0.00000 1.26866 1.26866
1.34844 0.00000 1.34844 1.34844
-0.02753 0.00000 -0.02753 -0.02753
0.85171 0.00000 0.85171 0.85171
-0.45482 0.00000 -0.45482 -0.45482
-0.54183 0.00000 -0.54183 -0.54183
-1.15194 0.00000 -1.15194 -1.15194
2.22438 0.00000 2.22438 2.22438
1.27006 0.00000 1.27006 1.27006
1.50270 0.00000 1.50270 1.50270
1.65906 0.00000 1.65906 1.65906
-0.40392 0.00000 -0.40392 -0.40392
1.51924 0.00000 1.51924 1.51924
0.30529 0.00000 0.30529 0.30529
1.57848 0.00000 1.57848 1.57848
0.82925 0.00000 0.82925 0.82925
0.25012 0.00000 0.25012 0.25012
0.51613 0.00000 0.51613 0.51613
0.87739 0.00000 0.87739 0.87739
1.35633 0.00000 1.35633 1.35633
1.49545 0.00000 1.49545 1.49545
-0.95292 0.00000 -0.95292 -0.95292
