# avg	std	min	max
2.97880 0.00000 2.97880 2.97880
2.00169 0.00000 2.00169 2.00169
1.14331 0.00000 1.14331 1.14331
-0.00400 0.00000 -0.00400 -0.00400
0.19153 0.00000 0.19153 0.19153
0.43381 0.00000 0.43381 0.43381
1.42714 0.00000 1.42714 1.42714
1.31311 0.00000 1.31311 1.31311
5.11651 0.00000 5.11651 5.11651
2.37300 0.00000 2.37300 2.37300
2.26818 0.00000 2.26818 2.26818
1.77890 0.00000 1.77890 1.77890
1.19355 0.00000 1.19355 1.19355
1.73771 0.00000 1.73771 1.73771
1.34361 0.00000 1.34361 1.34361
2.40189 0.00000 2.40189 2.40189
1.43293 0.00000 1.43293 1.43293
0.88213 0.00000 0.88213 0.88213
1.01517 0.00000 1.01517 1.01517
2.20329 0.00000 2.20329 2.20329
1.53960 0.00000 1.53960 1.53960
3.05964 0.00000 3.05964 3.05964
1.23467 0.00000 1.23467 1.23467
