# avg	std	min	max
3.07093 0.00000 3.07093 3.07093
1.73672 0.00000 1.73672 1.73672
3.07827 0.00000 3.07827 3.07827
-0.01828 0.00000 -0.01828 -0.01828
1.87736 0.00000 1.87736 1.87736
0.67392 0.00000 0.67392 0.67392
0.75555 0.00000 0.75555 0.75555
1.80815 0.00000 1.80815 1.80815
5.71649 0.00000 5.71649 5.71649
2.08508 0.00000 2.08508 2.08508
2.11594 0.00000 2.11594 2.11594
2.32567 0.00000 2.32567 2.32567
0.43140 0.00000 0.43140 0.43140
2.06596 0.00000 2.06596 2.06596
1.43869 0.00000 1.43869 1.43869
2.63709 0.00000 2.63709 2.63709
1.92155 0.00000 1.92155 1.92155
1.13722 0.00000 1.13722 1.13722
0.95829 0.00000 0.95829 0.95829
2.36060 0.00000 2.36060 2.36060
2.88099 0.00000 2.88099 2.88099
4.39519 0.00000 4.39519 4.39519
1.14258 0.00000 1.14258 1.14258
