# avg	std	min	max
2.46268 0.00000 2.46268 2.46268
1.41707 0.00000 1.41707 1.41707
1.02720 0.00000 1.02720 1.02720
-0.03744 0.00000 -0.03744 -0.03744
0.18446 0.00000 0.18446 0.18446
0.18346 0.00000 0.18346 0.18346
0.07755 0.00000 0.07755 0.07755
0.28314 0.00000 0.28314 0.28314
4.42291 0.00000 4.42291 4.42291
1.60424 0.00000 1.60424 1.60424
1.05927 0.00000 1.05927 1.05927
2.12423 0.00000 2.12423 2.12423
0.25571 0.00000 0.25571 0.25571
1.37721 0.00000 1.37721 1.37721
1.00454 0.00000 1.00454 1.00454
1.91280 0.00000 1.91280 1.91280
1.52325 0.00000 1.52325 1.52325
0.72986 0.00000 0.72986 0.72986
1.00452 0.00000 1.00452 1.00452
1.50106 0.00000 1.50106 1.50106
1.92278 0.00000 1.92278 1.92278
2.76103 0.00000 2.76103 2.76103
-0.21914 0.00000 -0.21914 -0.21914
