# avg	std	min	max
2.64698 0.00000 2.64698 2.64698
1.57104 0.00000 1.57104 1.57104
1.69221 0.00000 1.69221 1.69221
0.00635 0.00000 0.00635 0.00635
0.97104 0.00000 0.97104 0.97104
-0.03686 0.00000 -0.03686 -0.03686
0.92258 0.00000 0.92258 0.92258
0.87362 0.00000 0.87362 0.87362
4.33183 0.00000 4.33183 4.33183
2.02045 0.00000 2.02045 2.02045
1.92945 0.00000 1.92945 1.92945
1.76895 0.00000 1.76895 1.76895
0.80464 0.00000 0.80464 0.80464
0.07743 0.00000 0.07743 0.07743
1.24958 0.00000 1.24958 1.24958
1.95583 0.00000 1.95583 1.95583
1.10400 0.00000 1.10400 1.10400
0.70351 0.00000 0.70351 0.70351
0.65625 0.00000 0.65625 0.65625
1.35662 0.00000 1.35662 1.35662
1.55404 0.00000 1.55404 1.55404
2.80742 0.00000 2.80742 2.80742
0.71605 0.00000 0.71605 0.71605
