# avg	std	min	max
0.32656 0.00000 0.32656 0.32656
0.79121 0.00000 0.79121 0.79121
1.25041 0.00000 1.25041 1.25041
-0.00383 0.00000 -0.00383 -0.00383
1.00055 0.00000 1.00055 1.00055
0.05242 0.00000 0.05242 0.05242
-0.31225 0.00000 -0.31225 -0.31225
-0.11240 0.00000 -0.11240 -0.11240
2.46548 0.00000 2.46548 2.46548
0.52105 0.00000 0.52105 0.52105
0.88411 0.00000 0.88411 0.88411
0.72003 0.00000 0.72003 0.72003
-0.23926 0.00000 -0.23926 -0.23926
-0.04448 0.00000 -0.04448 -0.04448
0.00468 0.00000 0.00468 0.00468
0.60666 0.00000 0.60666 0.60666
0.57918 0.00000 0.57918 0.57918
0.09272 0.00000 0.09272 0.09272
-0.21887 0.00000 -0.21887 -0.21887
0.21862 0.00000 0.21862 0.21862
0.51927 0.00000 0.51927 0.51927
1.05079 0.00000 1.05079 1.05079
-0.72737 0.00000 -0.72737 -0.72737
