# avg	std	min	max
3.41082 0.00000 3.41082 3.41082
2.16462 0.00000 2.16462 2.16462
2.55013 0.00000 2.55013 2.55013
-0.00555 0.00000 -0.00555 -0.00555
1.69442 0.00000 1.69442 1.69442
0.40246 0.00000 0.40246 0.40246
0.61301 0.00000 0.61301 0.61301
0.52158 0.00000 0.52158 0.52158
3.45377 0.00000 3.45377 3.45377
2.30138 0.00000 2.30138 2.30138
1.86765 0.00000 1.86765 1.86765
2.70955 0.00000 2.70955 2.70955
2.23248 0.00000 2.23248 2.23248
1.33989 0.00000 1.33989 1.33989
1.35519 0.00000 1.35519 1.35519
3.74006 0.00000 3.74006 3.74006
3.69782 0.00000 3.69782 3.69782
2.04673 0.00000 2.04673 2.04673
1.89850 0.00000 1.89850 1.89850
2.73223 0.00000 2.73223 2.73223
4.61166 0.00000 4.61166 4.61166
4.87354 0.00000 4.87354 4.87354
6.98775 0.00000 6.98775 6.98775
