# avg	std	min	max
-0.04680 0.00000 -0.04680 -0.04680
0.21529 0.00000 0.21529 0.21529
0.59055 0.00000 0.59055 0.59055
0.00072 0.00000 0.00072 0.00072
0.28826 0.00000 0.28826 0.28826
-0.19281 0.00000 -0.19281 -0.19281
0.15785 0.00000 0.15785 0.15785
-0.20937 0.00000 -0.20937 -0.20937
1.02067 0.00000 1.02067 1.02067
0.31197 0.00000 0.31197 0.31197
-0.45062 0.00000 -0.45062 -0.45062
0.76676 0.00000 0.76676 0.76676
0.17789 0.00000 0.17789 0.17789
-0.11649 0.00000 -0.11649 -0.11649
-0.22587 0.00000 -0.22587 -0.22587
0.80022 0.00000 0.80022 0.80022
0.67578 0.00000 0.67578 0.67578
-0.02217 0.00000 -0.02217 -0.02217
-1.39913 0.00000 -1.39913 -1.39913
0.24811 0.00000 0.24811 0.24811
1.02929 0.00000 1.02929 1.02929
1.19544 0.00000 1.19544 1.19544
0.36814 0.00000 0.36814 0.36814
