# avg	std	min	max
3.48077 0.00000 3.48077 3.48077
1.62615 0.00000 1.62615 1.62615
1.15039 0.00000 1.15039 1.15039
-0.02395 0.00000 -0.02395 -0.02395
0.68290 0.00000 0.68290 0.68290
-0.02793 0.00000 -0.02793 -0.02793
0.57646 0.00000 0.57646 0.57646
0.59132 0.00000 0.59132 0.59132
5.06280 0.00000 5.06280 5.06280
2.12662 0.00000 2.12662 2.12662
1.79003 0.00000 1.79003 1.79003
1.59337 0.00000 1.59337 1.59337
0.53098 0.00000 0.53098 0.53098
0.73721 0.00000 0.73721 0.73721
1.48855 0.00000 1.48855 1.48855
3.09572 0.00000 3.09572 3.09572
2.51341 0.00000 2.51341 2.51341
0.48618 0.00000 0.48618 0.48618
0.52596 0.00000 0.52596 0.52596
1.64699 0.00000 1.64699 1.64699
4.58738 0.00000 4.58738 4.58738
5.20897 0.00000 5.20897 5.20897
0.41329 0.00000 0.41329 0.41329
