# avg	std	min	max
2.38208 0.00000 2.38208 2.38208
1.32716 0.00000 1.32716 1.32716
1.14796 0.00000 1.14796 1.14796
0.00288 0.00000 0.00288 0.00288
0.34820 0.00000 0.34820 0.34820
-0.01761 0.00000 -0.01761 -0.01761
-1.15882 0.00000 -1.15882 -1.15882
-0.94997 0.00000 -0.94997 -0.94997
3.58181 0.00000 3.58181 3.58181
1.46339 0.00000 1.46339 1.46339
1.82924 0.00000 1.82924 1.82924
1.87822 0.00000 1.87822 1.87822
-0.77650 0.00000 -0.77650 -0.77650
1.58500 0.00000 1.58500 1.58500
0.50869 0.00000 0.50869 0.50869
2.10973 0.00000 2.10973 2.10973
1.01334 0.00000 1.01334 1.01334
0.52393 0.00000 0.52393 0.52393
-1.31383 0.00000 -1.31383 -1.31383
0.27956 0.00000 0.27956 0.27956
1.67970 0.00000 1.67970 1.67970
2.57563 0.00000 2.57563 2.57563
0.70012 0.00000 0.70012 0.70012
