# avg	std	min	max
1.35557 0.00000 1.35557 1.35557
0.43012 0.00000 0.43012 0.43012
0.76620 0.00000 0.76620 0.76620
0.00181 0.00000 0.00181 0.00181
0.14637 0.00000 0.14637 0.14637
0.08485 0.00000 0.08485 0.08485
0.14638 0.00000 0.14638 0.14638
-0.15566 0.00000 -0.15566 -0.15566
3.54145 0.00000 3.54145 3.54145
1.02251 0.00000 1.02251 1.02251
1.05720 0.00000 1.05720 1.05720
1.14778 0.00000 1.14778 1.14778
0.14158 0.00000 0.14158 0.14158
0.32502 0.00000 0.32502 0.32502
0.16981 0.00000 0.16981 0.16981
0.53442 0.00000 0.53442 0.53442
0.47116 0.00000 0.47116 0.47116
0.19399 0.00000 0.19399 0.19399
0.11060 0.00000 0.11060 0.11060
0.58150 0.00000 0.58150 0.58150
0.58018 0.00000 0.58018 0.58018
0.71427 0.00000 0.71427 0.71427
-0.15677 0.00000 -0.15677 -0.15677
