# avg	std	min	max
3.28932 0.00000 3.28932 3.28932
1.91726 0.00000 1.91726 1.91726
1.10708 0.00000 1.10708 1.10708
0.01031 0.00000 0.01031 0.01031
0.42904 0.00000 0.42904 0.42904
0.36356 0.00000 0.36356 0.36356
3.20392 0.00000 3.20392 3.20392
1.79029 0.00000 1.79029 1.79029
6.74917 0.00000 6.74917 6.74917
2.41104 0.00000 2.41104 2.41104
1.60972 0.00000 1.60972 1.60972
2.57986 0.00000 2.57986 2.57986
5.11658 0.00000 5.11658 5.11658
1.37345 0.00000 1.37345 1.37345
1.43454 0.00000 1.43454 1.43454
3.24469 0.00000 3.24469 3.24469
1.80933 0.00000 1.80933 1.80933
1.41011 0.00000 1.41011 1.41011
0.29408 0.00000 0.29408 0.29408
2.16497 0.00000 2.16497 2.16497
4.13958 0.00000 4.13958 4.13958
5.90753 0.00000 5.90753 5.90753
8.52136 0.00000 8.52136 8.52136
