# avg	std	min	max
1.11370 0.00000 1.11370 1.11370
0.53854 0.00000 0.53854 0.53854
0.55279 0.00000 0.55279 0.55279
-0.00010 0.00000 -0.00010 -0.00010
0.05863 0.00000 0.05863 0.05863
-0.16629 0.00000 -0.16629 -0.16629
0.14676 0.00000 0.14676 0.14676
-1.18206 0.00000 -1.18206 -1.18206
-0.12816 0.00000 -0.12816 -0.12816
0.45881 0.00000 0.45881 0.45881
0.38907 0.00000 0.38907 0.38907
0.82950 0.00000 0.82950 0.82950
0.16250 0.00000 0.16250 0.16250
0.52377 0.00000 0.52377 0.52377
0.06846 0.00000 0.06846 0.06846
-0.38754 0.00000 -0.38754 -0.38754
0.07535 0.00000 0.07535 0.07535
0.22511 0.00000 0.22511 0.22511
0.05320 0.00000 0.05320 0.05320
0.68505 0.00000 0.68505 0.68505
0.00876 0.00000 0.00876 0.00876
0.47706 0.00000 0.47706 0.47706
-0.42632 0.00000 -0.42632 -0.42632
