# avg	std	min	max
2.75636 0.00000 2.75636 2.75636
1.79990 0.00000 1.79990 1.79990
1.43228 0.00000 1.43228 1.43228
-0.43416 0.00000 -0.43416 -0.43416
0.56768 0.00000 0.56768 0.56768
-0.02034 0.00000 -0.02034 -0.02034
0.54882 0.00000 0.54882 0.54882
-0.40540 0.00000 -0.40540 -0.40540
6.62015 0.00000 6.62015 6.62015
2.09075 0.00000 2.09075 2.09075
1.42338 0.00000 1.42338 1.42338
1.55483 0.00000 1.55483 1.55483
0.33005 0.00000 0.33005 0.33005
1.92063 0.00000 1.92063 1.92063
1.08799 0.00000 1.08799 1.08799
3.20820 0.00000 3.20820 3.20820
2.71566 0.00000 2.71566 2.71566
0.76639 0.00000 0.76639 0.76639
0.87538 0.00000 0.87538 0.87538
2.00298 0.00000 2.00298 2.00298
4.31423 0.00000 4.31423 4.31423
4.39389 0.00000 4.39389 4.39389
0.50993 0.00000 0.50993 0.50993
