# avg	std	min	max
0.07928 0.00000 0.07928 0.07928
0.01365 0.00000 0.01365 0.01365
0.65437 0.00000 0.65437 0.65437
-0.00413 0.00000 -0.00413 -0.00413
0.15113 0.00000 0.15113 0.15113
-0.06262 0.00000 -0.06262 -0.06262
0.09293 0.00000 0.09293 0.09293
-0.33040 0.00000 -0.33040 -0.33040
4.84814 0.00000 4.84814 4.84814
-1.66593 0.00000 -1.66593 -1.66593
-1.47265 0.00000 -1.47265 -1.47265
0.78125 0.00000 0.78125 0.78125
0.14616 0.00000 0.14616 0.14616
-0.11181 0.00000 -0.11181 -0.11181
-0.26143 0.00000 -0.26143 -0.26143
0.02227 0.00000 0.02227 0.02227
0.36210 0.00000 0.36210 0.36210
-0.28695 0.00000 -0.28695 -0.28695
-0.23126 0.00000 -0.23126 -0.23126
0.67036 0.00000 0.67036 0.67036
0.60213 0.00000 0.60213 0.60213
0.82017 0.00000 0.82017 0.82017
0.09903 0.00000 0.09903 0.09903
