# avg	std	min	max
2.50540 0.00000 2.50540 2.50540
1.59387 0.00000 1.59387 1.59387
1.26688 0.00000 1.26688 1.26688
0.60753 0.00000 0.60753 0.60753
0.62180 0.00000 0.62180 0.62180
-0.03442 0.00000 -0.03442 -0.03442
1.04202 0.00000 1.04202 1.04202
0.49405 0.00000 0.49405 0.49405
2.80029 0.00000 2.80029 2.80029
2.22125 0.00000 2.22125 2.22125
2.38555 0.00000 2.38555 2.38555
1.50509 0.00000 1.50509 1.50509
1.27027 0.00000 1.27027 1.27027
1.86235 0.00000 1.86235 1.86235
1.16613 0.00000 1.16613 1.16613
2.37221 0.00000 2.37221 2.37221
1.96918 0.00000 1.96918 1.96918
0.63034 0.00000 0.63034 0.63034
0.72247 0.00000 0.72247 0.72247
1.78921 0.00000 1.78921 1.78921
2.15572 0.00000 2.15572 2.15572
2.00801 0.00000 2.00801 2.00801
1.08972 0.00000 1.08972 1.08972
