# avg	std	min	max
1.29409 0.00000 1.29409 1.29409
0.40016 0.00000 0.40016 0.40016
0.83363 0.00000 0.83363 0.83363
-0.26426 0.00000 -0.26426 -0.26426
0.08103 0.00000 0.08103 0.08103
-0.00367 0.00000 -0.00367 -0.00367
0.37341 0.00000 0.37341 0.37341
0.06230 0.00000 0.06230 0.06230
3.63007 0.00000 3.63007 3.63007
0.63426 0.00000 0.63426 0.63426
1.54600 0.00000 1.54600 1.54600
1.24032 0.00000 1.24032 1.24032
0.39842 0.00000 0.39842 0.39842
0.02177 0.00000 0.02177 0.02177
0.43388 0.00000 0.43388 0.43388
2.56109 0.00000 2.56109 2.56109
2.28986 0.00000 2.28986 2.28986
-0.02470 0.00000 -0.02470 -0.02470
-0.08717 0.00000 -0.08717 -0.08717
0.94359 0.00000 0.94359 0.94359
2.58492 0.00000 2.58492 2.58492
3.56097 0.00000 3.56097 3.56097
1.33063 0.00000 1.33063 1.33063
