# avg	std	min	max
1.24666 0.00000 1.24666 1.24666
0.32700 0.00000 0.32700 0.32700
0.55051 0.00000 0.55051 0.55051
-0.19796 0.00000 -0.19796 -0.19796
-0.05505 0.00000 -0.05505 -0.05505
0.00131 0.00000 0.00131 0.00131
-0.36283 0.00000 -0.36283 -0.36283
-0.34080 0.00000 -0.34080 -0.34080
2.78603 0.00000 2.78603 2.78603
0.34083 0.00000 0.34083 0.34083
0.73189 0.00000 0.73189 0.73189
1.03788 0.00000 1.03788 1.03788
-0.20966 0.00000 -0.20966 -0.20966
-0.32042 0.00000 -0.32042 -0.32042
0.07029 0.00000 0.07029 0.07029
0.48549 0.00000 0.48549 0.48549
-0.09093 0.00000 -0.09093 -0.09093
-0.07483 0.00000 -0.07483 -0.07483
-0.14073 0.00000 -0.14073 -0.14073
0.18609 0.00000 0.18609 0.18609
-0.11121 0.00000 -0.11121 -0.11121
1.09773 0.00000 1.09773 1.09773
0.26762 0.00000 0.26762 0.26762
