# avg	std	min	max
0.95173 0.00000 0.95173 0.95173
0.11532 0.00000 0.11532 0.11532
0.87153 0.00000 0.87153 0.87153
-0.02741 0.00000 -0.02741 -0.02741
0.51549 0.00000 0.51549 0.51549
-0.04106 0.00000 -0.04106 -0.04106
-0.40731 0.00000 -0.40731 -0.40731
-0.08318 0.00000 -0.08318 -0.08318
3.48303 0.00000 3.48303 3.48303
0.54453 0.00000 0.54453 0.54453
0.87661 0.00000 0.87661 0.87661
0.75221 0.00000 0.75221 0.75221
-0.28872 0.00000 -0.28872 -0.28872
0.09851 0.00000 0.09851 0.09851
-0.07021 0.00000 -0.07021 -0.07021
0.43163 0.00000 0.43163 0.43163
0.11103 0.00000 0.11103 0.11103
-0.46328 0.00000 -0.46328 -0.46328
-1.51968 0.00000 -1.51968 -1.51968
0.33969 0.00000 0.33969 0.33969
0.23980 0.00000 0.23980 0.23980
0.54354 0.00000 0.54354 0.54354
-0.63826 0.00000 -0.63826 -0.63826
