# avg	std	min	max
1.94753 0.00000 1.94753 1.94753
0.88940 0.00000 0.88940 0.88940
0.98098 0.00000 0.98098 0.98098
-0.05783 0.00000 -0.05783 -0.05783
0.21093 0.00000 0.21093 0.21093
0.00003 0.00000 0.00003 0.00003
0.23380 0.00000 0.23380 0.23380
-0.50450 0.00000 -0.50450 -0.50450
4.38081 0.00000 4.38081 4.38081
1.12115 0.00000 1.12115 1.12115
1.63499 0.00000 1.63499 1.63499
1.25806 0.00000 1.25806 1.25806
0.26363 0.00000 0.26363 0.26363
0.69186 0.00000 0.69186 0.69186
0.42105 0.00000 0.42105 0.42105
1.40626 0.00000 1.40626 1.40626
0.67544 0.00000 0.67544 0.67544
0.48776 0.00000 0.48776 0.48776
0.62251 0.00000 0.62251 0.62251
0.97667 0.00000 0.97667 0.97667
0.85357 0.00000 0.85357 0.85357
1.20980 0.00000 1.20980 1.20980
-0.01622 0.00000 -0.01622 -0.01622
