# avg	std	min	max
0.01625 0.00000 0.01625 0.01625
0.13859 0.00000 0.13859 0.13859
0.26171 0.00000 0.26171 0.26171
0.25579 0.00000 0.25579 0.25579
0.45292 0.00000 0.45292 0.45292
-0.00072 0.00000 -0.00072 -0.00072
0.18269 0.00000 0.18269 0.18269
0.19777 0.00000 0.19777 0.19777
2.67220 0.00000 2.67220 2.67220
-0.13530 0.00000 -0.13530 -0.13530
0.15600 0.00000 0.15600 0.15600
0.16662 0.00000 0.16662 0.16662
0.16587 0.00000 0.16587 0.16587
-0.66696 0.00000 -0.66696 -0.66696
-0.38664 0.00000 -0.38664 -0.38664
0.09974 0.00000 0.09974 0.09974
0.13440 0.00000 0.13440 0.13440
-0.63034 0.00000 -0.63034 -0.63034
-0.76845 0.00000 -0.76845 -0.76845
0.01315 0.00000 0.01315 0.01315
0.07596 0.00000 0.07596 0.07596
0.53465 0.00000 0.53465 0.53465
0.17617 0.00000 0.17617 0.17617
