# avg	std	min	max
0.68333 0.00000 0.68333 0.68333
0.65772 0.00000 0.65772 0.65772
0.76644 0.00000 0.76644 0.76644
0.21034 0.00000 0.21034 0.21034
0.36369 0.00000 0.36369 0.36369
0.00101 0.00000 0.00101 0.00101
-0.09337 0.00000 -0.09337 -0.09337
-0.28969 0.00000 -0.28969 -0.28969
4.36477 0.00000 4.36477 4.36477
0.16420 0.00000 0.16420 0.16420
0.47555 0.00000 0.47555 0.47555
0.73192 0.00000 0.73192 0.73192
0.04543 0.00000 0.04543 0.04543
0.61816 0.00000 0.61816 0.61816
0.39845 0.00000 0.39845 0.39845
0.76603 0.00000 0.76603 0.76603
0.49029 0.00000 0.49029 0.49029
0.32130 0.00000 0.32130 0.32130
0.30950 0.00000 0.30950 0.30950
0.66747 0.00000 0.66747 0.66747
0.56833 0.00000 0.56833 0.56833
0.84124 0.00000 0.84124 0.84124
-0.04528 0.00000 -0.04528 -0.04528
