# avg	std	min	max
2.30532 0.00000 2.30532 2.30532
0.67684 0.00000 0.67684 0.67684
0.09922 0.00000 0.09922 0.09922
-0.79134 0.00000 -0.79134 -0.79134
-0.66876 0.00000 -0.66876 -0.66876
-0.57457 0.00000 -0.57457 -0.57457
0.05869 0.00000 0.05869 0.05869
-0.59682 0.00000 -0.59682 -0.59682
3.05538 0.00000 3.05538 3.05538
2.00730 0.00000 2.00730 2.00730
0.76933 0.00000 0.76933 0.76933
1.48124 0.00000 1.48124 1.48124
0.66359 0.00000 0.66359 0.66359
-0.00568 0.00000 -0.00568 -0.00568
0.35791 0.00000 0.35791 0.35791
1.68853 0.00000 1.68853 1.68853
-0.47411 0.00000 -0.47411 -0.47411
-0.09847 0.00000 -0.09847 -0.09847
0.18272 0.00000 0.18272 0.18272
0.52027 0.00000 0.52027 0.52027
2.22509 0.00000 2.22509 2.22509
1.55347 0.00000 1.55347 1.55347
0.46263 0.00000 0.46263 0.46263
