# avg	std	min	max
0.20447 0.00000 0.20447 0.20447
-0.02843 0.00000 -0.02843 -0.02843
0.31679 0.00000 0.31679 0.31679
-0.06492 0.00000 -0.06492 -0.06492
0.20212 0.00000 0.20212 0.20212
0.01750 0.00000 0.01750 0.01750
0.08820 0.00000 0.08820 0.08820
-0.63652 0.00000 -0.63652 -0.63652
-1.12063 0.00000 -1.12063 -1.12063
0.07260 0.00000 0.07260 0.07260
0.38774 0.00000 0.38774 0.38774
0.29898 0.00000 0.29898 0.29898
0.06253 0.00000 0.06253 0.06253
0.00000 0.00000 0.00000 0.00000
-0.16695 0.00000 -0.16695 -0.16695
-0.29907 0.00000 -0.29907 -0.29907
-0.54354 0.00000 -0.54354 -0.54354
-0.17218 0.00000 -0.17218 -0.17218
-0.25249 0.00000 -0.25249 -0.25249
0.37547 0.00000 0.37547 0.37547
-0.11331 0.00000 -0.11331 -0.11331
0.51199 0.00000 0.51199 0.51199
-0.28348 0.00000 -0.28348 -0.28348
