# avg	std	min	max
1.09189 0.00000 1.09189 1.09189
0.19760 0.00000 0.19760 0.19760
0.51133 0.00000 0.51133 0.51133
-0.53804 0.00000 -0.53804 -0.53804
-0.25886 0.00000 -0.25886 -0.25886
-0.60219 0.00000 -0.60219 -0.60219
-0.46956 0.00000 -0.46956 -0.46956
-0.74440 0.00000 -0.74440 -0.74440
2.36976 0.00000 2.36976 2.36976
0.52624 0.00000 0.52624 0.52624
0.38955 0.00000 0.38955 0.38955
0.74661 0.00000 0.74661 0.74661
-0.48558 0.00000 -0.48558 -0.48558
0.00616 0.00000 0.00616 0.00616
-0.36758 0.00000 -0.36758 -0.36758
0.50068 0.00000 0.50068 0.50068
0.12886 0.00000 0.12886 0.12886
-0.22023 0.00000 -0.22023 -0.22023
-0.44361 0.00000 -0.44361 -0.44361
0.19353 0.00000 0.19353 0.19353
0.36129 0.00000 0.36129 0.36129
0.25726 0.00000 0.25726 0.25726
-0.86489 0.00000 -0.86489 -0.86489
