# avg	std	min	max
0.67567 0.00000 0.67567 0.67567
0.21120 0.00000 0.21120 0.21120
0.68105 0.00000 0.68105 0.68105
-0.55333 0.00000 -0.55333 -0.55333
0.27893 0.00000 0.27893 0.27893
-0.06011 0.00000 -0.06011 -0.06011
-0.18483 0.00000 -0.18483 -0.18483
-0.19893 0.00000 -0.19893 -0.19893
3.59447 0.00000 3.59447 3.59447
0.15201 0.00000 0.15201 0.15201
0.14604 0.00000 0.14604 0.14604
0.65213 0.00000 0.65213 0.65213
-0.19157 0.00000 -0.19157 -0.19157
-0.00325 0.00000 -0.00325 -0.00325
-0.06402 0.00000 -0.06402 -0.06402
0.32895 0.00000 0.32895 0.32895
0.02397 0.00000 0.02397 0.02397
-0.24273 0.00000 -0.24273 -0.24273
-0.11087 0.00000 -0.11087 -0.11087
0.18575 0.00000 0.18575 0.18575
0.29296 0.00000 0.29296 0.29296
0.54750 0.00000 0.54750 0.54750
-0.49627 0.00000 -0.49627 -0.49627
