# avg	std	min	max
0.82083 0.00000 0.82083 0.82083
0.12102 0.00000 0.12102 0.12102
0.67108 0.00000 0.67108 0.67108
-0.19198 0.00000 -0.19198 -0.19198
0.23106 0.00000 0.23106 0.23106
-0.23399 0.00000 -0.23399 -0.23399
-0.22215 0.00000 -0.22215 -0.22215
-0.45204 0.00000 -0.45204 -0.45204
3.25938 0.00000 3.25938 3.25938
-0.01136 0.00000 -0.01136 -0.01136
0.69214 0.00000 0.69214 0.69214
0.76636 0.00000 0.76636 0.76636
-0.17510 0.00000 -0.17510 -0.17510
0.00088 0.00000 0.00088 0.00088
-0.07004 0.00000 -0.07004 -0.07004
0.48397 0.00000 0.48397 0.48397
0.23447 0.00000 0.23447 0.23447
-0.06160 0.00000 -0.06160 -0.06160
-0.50967 0.00000 -0.50967 -0.50967
0.28826 0.00000 0.28826 0.28826
0.35438 0.00000 0.35438 0.35438
0.48038 0.00000 0.48038 0.48038
-0.64608 0.00000 -0.64608 -0.64608
