# avg	std	min	max
1.69846 0.00000 1.69846 1.69846
1.14897 0.00000 1.14897 1.14897
0.97548 0.00000 0.97548 0.97548
0.02824 0.00000 0.02824 0.02824
0.77279 0.00000 0.77279 0.77279
0.06494 0.00000 0.06494 0.06494
-0.14963 0.00000 -0.14963 -0.14963
0.23263 0.00000 0.23263 0.23263
0.00234 0.00000 0.00234 0.00234
1.16039 0.00000 1.16039 1.16039
1.09617 0.00000 1.09617 1.09617
1.39386 0.00000 1.39386 1.39386
0.74965 0.00000 0.74965 0.74965
1.36838 0.00000 1.36838 1.36838
0.77786 0.00000 0.77786 0.77786
0.91542 0.00000 0.91542 0.91542
0.26791 0.00000 0.26791 0.26791
0.52205 0.00000 0.52205 0.52205
0.51602 0.00000 0.51602 0.51602
1.29066 0.00000 1.29066 1.29066
1.01615 0.00000 1.01615 1.01615
1.01961 0.00000 1.01961 1.01961
1.06190 0.00000 1.06190 1.06190
