# avg	std	min	max
2.50400 0.00000 2.50400 2.50400
1.86794 0.00000 1.86794 1.86794
1.78298 0.00000 1.78298 1.78298
1.15897 0.00000 1.15897 1.15897
1.26597 0.00000 1.26597 1.26597
0.98939 0.00000 0.98939 0.98939
1.43351 0.00000 1.43351 1.43351
0.66242 0.00000 0.66242 0.66242
0.00095 0.00000 0.00095 0.00095
2.32377 0.00000 2.32377 2.32377
2.00550 0.00000 2.00550 2.00550
1.96179 0.00000 1.96179 1.96179
1.63479 0.00000 1.63479 1.63479
2.08794 0.00000 2.08794 2.08794
1.42554 0.00000 1.42554 1.42554
1.78821 0.00000 1.78821 1.78821
1.48016 0.00000 1.48016 1.48016
1.17831 0.00000 1.17831 1.17831
1.26122 0.00000 1.26122 1.26122
2.39356 0.00000 2.39356 2.39356
1.69199 0.00000 1.69199 1.69199
2.01028 0.00000 2.01028 2.01028
1.59886 0.00000 1.59886 1.59886
