# avg	std	min	max
1.56162 0.00000 1.56162 1.56162
1.54496 0.00000 1.54496 1.54496
2.17844 0.00000 2.17844 2.17844
1.72106 0.00000 1.72106 1.72106
1.98528 0.00000 1.98528 1.98528
1.81069 0.00000 1.81069 1.81069
1.33056 0.00000 1.33056 1.33056
1.65590 0.00000 1.65590 1.65590
-0.00222 0.00000 -0.00222 -0.00222
1.12036 0.00000 1.12036 1.12036
1.74266 0.00000 1.74266 1.74266
1.55923 0.00000 1.55923 1.55923
1.40276 0.00000 1.40276 1.40276
1.15523 0.00000 1.15523 1.15523
1.21210 0.00000 1.21210 1.21210
1.62655 0.00000 1.62655 1.62655
1.38589 0.00000 1.38589 1.38589
1.07842 0.00000 1.07842 1.07842
1.07612 0.00000 1.07612 1.07612
1.38291 0.00000 1.38291 1.38291
1.41867 0.00000 1.41867 1.41867
2.46758 0.00000 2.46758 2.46758
0.42838 0.00000 0.42838 0.42838
