# avg	std	min	max
2.41709 0.00000 2.41709 2.41709
2.11509 0.00000 2.11509 2.11509
2.06766 0.00000 2.06766 2.06766
2.03641 0.00000 2.03641 2.03641
1.41535 0.00000 1.41535 1.41535
1.85315 0.00000 1.85315 1.85315
2.26375 0.00000 2.26375 2.26375
2.17721 0.00000 2.17721 2.17721
-0.00524 0.00000 -0.00524 -0.00524
1.36971 0.00000 1.36971 1.36971
1.77813 0.00000 1.77813 1.77813
1.98203 0.00000 1.98203 1.98203
2.28217 0.00000 2.28217 2.28217
2.60268 0.00000 2.60268 2.60268
1.80010 0.00000 1.80010 1.80010
2.10923 0.00000 2.10923 2.10923
2.22763 0.00000 2.22763 2.22763
1.85059 0.00000 1.85059 1.85059
1.50424 0.00000 1.50424 1.50424
2.68110 0.00000 2.68110 2.68110
2.28540 0.00000 2.28540 2.28540
2.83313 0.00000 2.83313 2.83313
1.95686 0.00000 1.95686 1.95686
