# avg	std	min	max
0.17824 0.00000 0.17824 0.17824
0.15192 0.00000 0.15192 0.15192
0.36720 0.00000 0.36720 0.36720
0.08129 0.00000 0.08129 0.08129
0.39125 0.00000 0.39125 0.39125
0.16283 0.00000 0.16283 0.16283
0.01128 0.00000 0.01128 0.01128
-0.05568 0.00000 -0.05568 -0.05568
-0.00012 0.00000 -0.00012 -0.00012
0.43271 0.00000 0.43271 0.43271
0.27517 0.00000 0.27517 0.27517
0.44729 0.00000 0.44729 0.44729
0.01154 0.00000 0.01154 0.01154
0.04376 0.00000 0.04376 0.04376
-0.09218 0.00000 -0.09218 -0.09218
-0.08008 0.00000 -0.08008 -0.08008
-0.42287 0.00000 -0.42287 -0.42287
0.11113 0.00000 0.11113 0.11113
0.32765 0.00000 0.32765 0.32765
0.25507 0.00000 0.25507 0.25507
0.53505 0.00000 0.53505 0.53505
0.44665 0.00000 0.44665 0.44665
-0.31120 0.00000 -0.31120 -0.31120
