# avg	std	min	max
1.13419 0.00000 1.13419 1.13419
0.91321 0.00000 0.91321 0.91321
1.01245 0.00000 1.01245 1.01245
0.86037 0.00000 0.86037 0.86037
1.08726 0.00000 1.08726 1.08726
0.96943 0.00000 0.96943 0.96943
0.82954 0.00000 0.82954 0.82954
0.96659 0.00000 0.96659 0.96659
-0.00041 0.00000 -0.00041 -0.00041
1.00090 0.00000 1.00090 1.00090
0.94162 0.00000 0.94162 0.94162
1.00250 0.00000 1.00250 1.00250
0.83483 0.00000 0.83483 0.83483
0.98893 0.00000 0.98893 0.98893
0.53054 0.00000 0.53054 0.53054
0.69006 0.00000 0.69006 0.69006
0.17269 0.00000 0.17269 0.17269
0.66989 0.00000 0.66989 0.66989
0.64971 0.00000 0.64971 0.64971
0.88472 0.00000 0.88472 0.88472
0.57938 0.00000 0.57938 0.57938
0.93863 0.00000 0.93863 0.93863
0.81611 0.00000 0.81611 0.81611
