# avg	std	min	max
0.44246 0.00000 0.44246 0.44246
0.27788 0.00000 0.27788 0.27788
0.50056 0.00000 0.50056 0.50056
0.20751 0.00000 0.20751 0.20751
0.38345 0.00000 0.38345 0.38345
-0.54448 0.00000 -0.54448 -0.54448
0.18990 0.00000 0.18990 0.18990
-0.69774 0.00000 -0.69774 -0.69774
-0.00022 0.00000 -0.00022 -0.00022
0.42374 0.00000 0.42374 0.42374
0.38836 0.00000 0.38836 0.38836
-0.21410 0.00000 -0.21410 -0.21410
0.36065 0.00000 0.36065 0.36065
-0.04929 0.00000 -0.04929 -0.04929
-0.11113 0.00000 -0.11113 -0.11113
0.48180 0.00000 0.48180 0.48180
-0.03203 0.00000 -0.03203 -0.03203
0.07094 0.00000 0.07094 0.07094
-0.23123 0.00000 -0.23123 -0.23123
-0.42123 0.00000 -0.42123 -0.42123
0.41167 0.00000 0.41167 0.41167
0.36814 0.00000 0.36814 0.36814
0.06237 0.00000 0.06237 0.06237
