# avg	std	min	max
0.37949 0.00000 0.37949 0.37949
0.35629 0.00000 0.35629 0.35629
0.55575 0.00000 0.55575 0.55575
0.23662 0.00000 0.23662 0.23662
0.46389 0.00000 0.46389 0.46389
0.37743 0.00000 0.37743 0.37743
0.34242 0.00000 0.34242 0.34242
0.44812 0.00000 0.44812 0.44812
-0.00071 0.00000 -0.00071 -0.00071
0.28142 0.00000 0.28142 0.28142
0.46161 0.00000 0.46161 0.46161
0.49969 0.00000 0.49969 0.49969
0.41107 0.00000 0.41107 0.41107
0.33093 0.00000 0.33093 0.33093
-0.06719 0.00000 -0.06719 -0.06719
0.45035 0.00000 0.45035 0.45035
-0.20322 0.00000 -0.20322 -0.20322
0.23135 0.00000 0.23135 0.23135
-0.06456 0.00000 -0.06456 -0.06456
0.49794 0.00000 0.49794 0.49794
0.38439 0.00000 0.38439 0.38439
0.56993 0.00000 0.56993 0.56993
0.23888 0.00000 0.23888 0.23888
