# avg	std	min	max
0.20096 0.00000 0.20096 0.20096
0.38012 0.00000 0.38012 0.38012
0.33351 0.00000 0.33351 0.33351
0.20382 0.00000 0.20382 0.20382
0.26873 0.00000 0.26873 0.26873
0.26685 0.00000 0.26685 0.26685
0.22981 0.00000 0.22981 0.22981
0.24034 0.00000 0.24034 0.24034
0.00006 0.00000 0.00006 0.00006
0.47661 0.00000 0.47661 0.47661
0.22724 0.00000 0.22724 0.22724
0.40290 0.00000 0.40290 0.40290
0.22955 0.00000 0.22955 0.22955
0.01715 0.00000 0.01715 0.01715
0.03478 0.00000 0.03478 0.03478
-0.11106 0.00000 -0.11106 -0.11106
-0.41621 0.00000 -0.41621 -0.41621
0.17522 0.00000 0.17522 0.17522
0.30748 0.00000 0.30748 0.30748
0.28796 0.00000 0.28796 0.28796
0.56130 0.00000 0.56130 0.56130
0.39123 0.00000 0.39123 0.39123
-0.13017 0.00000 -0.13017 -0.13017
