# avg	std	min	max
0.78817 0.00000 0.78817 0.78817
0.61801 0.00000 0.61801 0.61801
0.87928 0.00000 0.87928 0.87928
0.59688 0.00000 0.59688 0.59688
0.89281 0.00000 0.89281 0.89281
0.49775 0.00000 0.49775 0.49775
0.76745 0.00000 0.76745 0.76745
0.82060 0.00000 0.82060 0.82060
-0.00309 0.00000 -0.00309 -0.00309
0.95828 0.00000 0.95828 0.95828
0.79303 0.00000 0.79303 0.79303
1.03272 0.00000 1.03272 1.03272
0.77609 0.00000 0.77609 0.77609
0.47744 0.00000 0.47744 0.47744
0.61554 0.00000 0.61554 0.61554
0.02954 0.00000 0.02954 0.02954
0.30145 0.00000 0.30145 0.30145
0.44307 0.00000 0.44307 0.44307
0.57271 0.00000 0.57271 0.57271
0.79264 0.00000 0.79264 0.79264
0.46054 0.00000 0.46054 0.46054
0.44657 0.00000 0.44657 0.44657
0.41590 0.00000 0.41590 0.41590
