# avg	std	min	max
1.89889 0.00000 1.89889 1.89889
0.25939 0.00000 0.25939 0.25939
0.31012 0.00000 0.31012 0.31012
0.41267 0.00000 0.41267 0.41267
0.41682 0.00000 0.41682 0.41682
0.31302 0.00000 0.31302 0.31302
1.94332 0.00000 1.94332 1.94332
0.21293 0.00000 0.21293 0.21293
0.00009 0.00000 0.00009 0.00009
2.05764 0.00000 2.05764 2.05764
0.25304 0.00000 0.25304 0.25304
1.94759 0.00000 1.94759 1.94759
1.94467 0.00000 1.94467 1.94467
0.38726 0.00000 0.38726 0.38726
0.11738 0.00000 0.11738 0.11738
-0.03133 0.00000 -0.03133 -0.03133
1.43397 0.00000 1.43397 1.43397
0.28013 0.00000 0.28013 0.28013
0.22311 0.00000 0.22311 0.22311
1.98437 0.00000 1.98437 1.98437
1.81756 0.00000 1.81756 1.81756
0.20874 0.00000 0.20874 0.20874
1.37931 0.00000 1.37931 1.37931
