# avg	std	min	max
0.67341 0.00000 0.67341 0.67341
0.45615 0.00000 0.45615 0.45615
0.73848 0.00000 0.73848 0.73848
0.44616 0.00000 0.44616 0.44616
0.66785 0.00000 0.66785 0.66785
0.78363 0.00000 0.78363 0.78363
0.48988 0.00000 0.48988 0.48988
0.56475 0.00000 0.56475 0.56475
-0.00027 0.00000 -0.00027 -0.00027
0.67752 0.00000 0.67752 0.67752
0.64433 0.00000 0.64433 0.64433
0.55190 0.00000 0.55190 0.55190
0.46610 0.00000 0.46610 0.46610
0.41204 0.00000 0.41204 0.41204
-0.00904 0.00000 -0.00904 -0.00904
0.44331 0.00000 0.44331 0.44331
-0.21242 0.00000 -0.21242 -0.21242
0.36163 0.00000 0.36163 0.36163
0.51794 0.00000 0.51794 0.51794
0.50594 0.00000 0.50594 0.50594
0.75528 0.00000 0.75528 0.75528
0.81919 0.00000 0.81919 0.81919
0.39255 0.00000 0.39255 0.39255
