# avg	std	min	max
1.48843 0.00000 1.48843 1.48843
1.13406 0.00000 1.13406 1.13406
1.35217 0.00000 1.35217 1.35217
1.26835 0.00000 1.26835 1.26835
1.33571 0.00000 1.33571 1.33571
1.53654 0.00000 1.53654 1.53654
1.31460 0.00000 1.31460 1.31460
1.31825 0.00000 1.31825 1.31825
-0.00068 0.00000 -0.00068 -0.00068
1.32109 0.00000 1.32109 1.32109
1.29885 0.00000 1.29885 1.29885
1.45432 0.00000 1.45432 1.45432
1.31495 0.00000 1.31495 1.31495
1.01135 0.00000 1.01135 1.01135
0.98177 0.00000 0.98177 0.98177
0.75335 0.00000 0.75335 0.75335
0.78104 0.00000 0.78104 0.78104
1.16516 0.00000 1.16516 1.16516
0.78077 0.00000 0.78077 0.78077
1.16174 0.00000 1.16174 1.16174
0.56909 0.00000 0.56909 0.56909
1.37719 0.00000 1.37719 1.37719
1.18672 0.00000 1.18672 1.18672
