# avg	std	min	max
1.23461 0.00000 1.23461 1.23461
1.02876 0.00000 1.02876 1.02876
1.18182 0.00000 1.18182 1.18182
1.13323 0.00000 1.13323 1.13323
1.12109 0.00000 1.12109 1.12109
0.73112 0.00000 0.73112 0.73112
1.07270 0.00000 1.07270 1.07270
1.22835 0.00000 1.22835 1.22835
0.00050 0.00000 0.00050 0.00050
0.84648 0.00000 0.84648 0.84648
0.97249 0.00000 0.97249 0.97249
1.21457 0.00000 1.21457 1.21457
1.15209 0.00000 1.15209 1.15209
1.09164 0.00000 1.09164 1.09164
0.83855 0.00000 0.83855 0.83855
1.00384 0.00000 1.00384 1.00384
0.54652 0.00000 0.54652 0.54652
0.85570 0.00000 0.85570 0.85570
0.92603 0.00000 0.92603 0.92603
1.34172 0.00000 1.34172 1.34172
0.97749 0.00000 0.97749 0.97749
1.06046 0.00000 1.06046 1.06046
0.50044 0.00000 0.50044 0.50044
