# avg	std	min	max
0.98912 0.00000 0.98912 0.98912
0.75580 0.00000 0.75580 0.75580
0.90632 0.00000 0.90632 0.90632
0.65172 0.00000 0.65172 0.65172
1.06310 0.00000 1.06310 1.06310
0.57679 0.00000 0.57679 0.57679
0.22908 0.00000 0.22908 0.22908
0.35914 0.00000 0.35914 0.35914
-0.00074 0.00000 -0.00074 -0.00074
0.71041 0.00000 0.71041 0.71041
0.80082 0.00000 0.80082 0.80082
0.71680 0.00000 0.71680 0.71680
0.16995 0.00000 0.16995 0.16995
0.88826 0.00000 0.88826 0.88826
0.79415 0.00000 0.79415 0.79415
0.70645 0.00000 0.70645 0.70645
0.68436 0.00000 0.68436 0.68436
0.52918 0.00000 0.52918 0.52918
0.51205 0.00000 0.51205 0.51205
0.56324 0.00000 0.56324 0.56324
0.64180 0.00000 0.64180 0.64180
1.06809 0.00000 1.06809 1.06809
-0.45840 0.00000 -0.45840 -0.45840
