# avg	std	min	max
1.71772 0.00000 1.71772 1.71772
1.47369 0.00000 1.47369 1.47369
1.50181 0.00000 1.50181 1.50181
0.75377 0.00000 0.75377 0.75377
1.18732 0.00000 1.18732 1.18732
1.15881 0.00000 1.15881 1.15881
1.60326 0.00000 1.60326 1.60326
1.62679 0.00000 1.62679 1.62679
-0.00462 0.00000 -0.00462 -0.00462
0.77408 0.00000 0.77408 0.77408
1.47999 0.00000 1.47999 1.47999
1.67562 0.00000 1.67562 1.67562
1.63418 0.00000 1.63418 1.63418
0.90993 0.00000 0.90993 0.90993
1.25649 0.00000 1.25649 1.25649
1.47362 0.00000 1.47362 1.47362
0.91696 0.00000 0.91696 0.91696
0.85546 0.00000 0.85546 0.85546
0.86791 0.00000 0.86791 0.86791
2.00848 0.00000 2.00848 2.00848
2.02240 0.00000 2.02240 2.02240
2.44774 0.00000 2.44774 2.44774
1.15635 0.00000 1.15635 1.15635
