# avg	std	min	max
2.09092 0.00000 2.09092 2.09092
1.70011 0.00000 1.70011 1.70011
2.23688 0.00000 2.23688 2.23688
1.28488 0.00000 1.28488 1.28488
1.16523 0.00000 1.16523 1.16523
1.41528 0.00000 1.41528 1.41528
1.60106 0.00000 1.60106 1.60106
0.57680 0.00000 0.57680 0.57680
-0.00251 0.00000 -0.00251 -0.00251
1.91069 0.00000 1.91069 1.91069
2.20558 0.00000 2.20558 2.20558
2.30426 0.00000 2.30426 2.30426
1.63129 0.00000 1.63129 1.63129
1.95123 0.00000 1.95123 1.95123
1.27970 0.00000 1.27970 1.27970
2.02439 0.00000 2.02439 2.02439
1.38199 0.00000 1.38199 1.38199
1.22926 0.00000 1.22926 1.22926
1.21290 0.00000 1.21290 1.21290
2.11576 0.00000 2.11576 2.11576
1.85680 0.00000 1.85680 1.85680
2.42049 0.00000 2.42049 2.42049
1.05078 0.00000 1.05078 1.05078
