# avg	std	min	max
2.21866 0.00000 2.21866 2.21866
1.61762 0.00000 1.61762 1.61762
1.93292 0.00000 1.93292 1.93292
1.31884 0.00000 1.31884 1.31884
1.65705 0.00000 1.65705 1.65705
1.17647 0.00000 1.17647 1.17647
1.82024 0.00000 1.82024 1.82024
1.66963 0.00000 1.66963 1.66963
-0.00420 0.00000 -0.00420 -0.00420
2.02477 0.00000 2.02477 2.02477
1.96724 0.00000 1.96724 1.96724
2.19126 0.00000 2.19126 2.19126
1.87060 0.00000 1.87060 1.87060
1.94212 0.00000 1.94212 1.94212
1.20489 0.00000 1.20489 1.20489
1.81772 0.00000 1.81772 1.81772
0.98634 0.00000 0.98634 0.98634
1.16676 0.00000 1.16676 1.16676
1.29381 0.00000 1.29381 1.29381
2.17467 0.00000 2.17467 2.17467
1.50177 0.00000 1.50177 1.50177
1.94131 0.00000 1.94131 1.94131
1.58945 0.00000 1.58945 1.58945
