# avg	std	min	max
1.80554 0.00000 1.80554 1.80554
1.18369 0.00000 1.18369 1.18369
1.17587 0.00000 1.17587 1.17587
0.85018 0.00000 0.85018 0.85018
1.03946 0.00000 1.03946 1.03946
0.97593 0.00000 0.97593 0.97593
0.65779 0.00000 0.65779 0.65779
0.41166 0.00000 0.41166 0.41166
0.00136 0.00000 0.00136 0.00136
1.56951 0.00000 1.56951 1.56951
2.09876 0.00000 2.09876 2.09876
1.78673 0.00000 1.78673 1.78673
1.00952 0.00000 1.00952 1.00952
1.63202 0.00000 1.63202 1.63202
1.36968 0.00000 1.36968 1.36968
1.55157 0.00000 1.55157 1.55157
1.01567 0.00000 1.01567 1.01567
1.07325 0.00000 1.07325 1.07325
1.01842 0.00000 1.01842 1.01842
1.34143 0.00000 1.34143 1.34143
1.40556 0.00000 1.40556 1.40556
1.88722 0.00000 1.88722 1.88722
0.82153 0.00000 0.82153 0.82153
