# avg	std	min	max
1.53586 0.00000 1.53586 1.53586
1.15063 0.00000 1.15063 1.15063
1.30633 0.00000 1.30633 1.30633
0.77380 0.00000 0.77380 0.77380
0.91038 0.00000 0.91038 0.91038
0.83603 0.00000 0.83603 0.83603
1.12162 0.00000 1.12162 1.12162
0.44078 0.00000 0.44078 0.44078
-0.00101 0.00000 -0.00101 -0.00101
1.54563 0.00000 1.54563 1.54563
0.97919 0.00000 0.97919 0.97919
1.72100 0.00000 1.72100 1.72100
1.13942 0.00000 1.13942 1.13942
1.50531 0.00000 1.50531 1.50531
0.70167 0.00000 0.70167 0.70167
1.29239 0.00000 1.29239 1.29239
0.69284 0.00000 0.69284 0.69284
0.96518 0.00000 0.96518 0.96518
0.68837 0.00000 0.68837 0.68837
1.55066 0.00000 1.55066 1.55066
1.51816 0.00000 1.51816 1.51816
1.43674 0.00000 1.43674 1.43674
0.59037 0.00000 0.59037 0.59037
