# avg	std	min	max
1.71644 0.00000 1.71644 1.71644
1.19550 0.00000 1.19550 1.19550
1.09169 0.00000 1.09169 1.09169
0.49397 0.00000 0.49397 0.49397
0.42531 0.00000 0.42531 0.42531
0.29368 0.00000 0.29368 0.29368
0.75139 0.00000 0.75139 0.75139
-0.36391 0.00000 -0.36391 -0.36391
-0.00150 0.00000 -0.00150 -0.00150
1.60612 0.00000 1.60612 1.60612
1.58945 0.00000 1.58945 1.58945
1.72781 0.00000 1.72781 1.72781
0.79572 0.00000 0.79572 0.79572
1.37166 0.00000 1.37166 1.37166
0.33416 0.00000 0.33416 0.33416
1.49716 0.00000 1.49716 1.49716
0.99515 0.00000 0.99515 0.99515
0.63973 0.00000 0.63973 0.63973
0.57000 0.00000 0.57000 0.57000
1.45968 0.00000 1.45968 1.45968
1.40637 0.00000 1.40637 1.40637
1.44388 0.00000 1.44388 1.44388
0.52743 0.00000 0.52743 0.52743
