# avg	std	min	max
0.68565 0.00000 0.68565 0.68565
0.63004 0.00000 0.63004 0.63004
0.96488 0.00000 0.96488 0.96488
0.68009 0.00000 0.68009 0.68009
0.74108 0.00000 0.74108 0.74108
0.68998 0.00000 0.68998 0.68998
0.53616 0.00000 0.53616 0.53616
0.83799 0.00000 0.83799 0.83799
-0.00086 0.00000 -0.00086 -0.00086
0.66102 0.00000 0.66102 0.66102
0.92543 0.00000 0.92543 0.92543
0.76593 0.00000 0.76593 0.76593
0.53637 0.00000 0.53637 0.53637
0.72169 0.00000 0.72169 0.72169
0.21698 0.00000 0.21698 0.21698
0.77685 0.00000 0.77685 0.77685
0.00836 0.00000 0.00836 0.00836
-0.00081 0.00000 -0.00081 -0.00081
-0.04317 0.00000 -0.04317 -0.04317
0.61130 0.00000 0.61130 0.61130
0.81696 0.00000 0.81696 0.81696
1.30019 0.00000 1.30019 1.30019
0.74052 0.00000 0.74052 0.74052
