# avg	std	min	max
2.39430 0.00000 2.39430 2.39430
0.96276 0.00000 0.96276 0.96276
-0.33913 0.00000 -0.33913 -0.33913
-0.93224 0.00000 -0.93224 -0.93224
-0.77201 0.00000 -0.77201 -0.77201
0.28695 0.00000 0.28695 0.28695
0.23372 0.00000 0.23372 0.23372
-0.60752 0.00000 -0.60752 -0.60752
3.70097 0.00000 3.70097 3.70097
1.25898 0.00000 1.25898 1.25898
0.35821 0.00000 0.35821 0.35821
1.41536 0.00000 1.41536 1.41536
-0.26540 0.00000 -0.26540 -0.26540
0.56732 0.00000 0.56732 0.56732
-0.01839 0.00000 -0.01839 -0.01839
0.33130 0.00000 0.33130 0.33130
-1.43410 0.00000 -1.43410 -1.43410
-0.56624 0.00000 -0.56624 -0.56624
-0.08107 0.00000 -0.08107 -0.08107
0.70407 0.00000 0.70407 0.70407
0.91392 0.00000 0.91392 0.91392
0.24627 0.00000 0.24627 0.24627
-0.11775 0.00000 -0.11775 -0.11775
