# avg	std	min	max
3.36052 0.00000 3.36052 3.36052
2.49446 0.00000 2.49446 2.49446
2.07133 0.00000 2.07133 2.07133
0.64224 0.00000 0.64224 0.64224
1.38700 0.00000 1.38700 1.38700
1.20773 0.00000 1.20773 1.20773
2.01855 0.00000 2.01855 2.01855
1.36918 0.00000 1.36918 1.36918
6.92268 0.00000 6.92268 6.92268
1.84812 0.00000 1.84812 1.84812
2.67635 0.00000 2.67635 2.67635
2.54634 0.00000 2.54634 2.54634
2.01816 0.00000 2.01816 2.01816
2.32181 0.00000 2.32181 2.32181
0.00362 0.00000 0.00362 0.00362
2.81281 0.00000 2.81281 2.81281
1.76446 0.00000 1.76446 1.76446
1.74919 0.00000 1.74919 1.74919
-0.17959 0.00000 -0.17959 -0.17959
2.75733 0.00000 2.75733 2.75733
2.43391 0.00000 2.43391 2.43391
2.90980 0.00000 2.90980 2.90980
1.63247 0.00000 1.63247 1.63247
