# avg	std	min	max
-0.47197 0.00000 -0.47197 -0.47197
0.37656 0.00000 0.37656 0.37656
1.53011 0.00000 1.53011 1.53011
0.04525 0.00000 0.04525 0.04525
2.96283 0.00000 2.96283 2.96283
0.21172 0.00000 0.21172 0.21172
-0.01160 0.00000 -0.01160 -0.01160
-0.08128 0.00000 -0.08128 -0.08128
4.08358 0.00000 4.08358 4.08358
0.24502 0.00000 0.24502 0.24502
1.35387 0.00000 1.35387 1.35387
0.32893 0.00000 0.32893 0.32893
-0.04704 0.00000 -0.04704 -0.04704
-0.10144 0.00000 -0.10144 -0.10144
-0.01234 0.00000 -0.01234 -0.01234
0.10324 0.00000 0.10324 0.10324
0.06823 0.00000 0.06823 0.06823
0.01252 0.00000 0.01252 0.01252
-0.00534 0.00000 -0.00534 -0.00534
0.20579 0.00000 0.20579 0.20579
-0.23760 0.00000 -0.23760 -0.23760
0.42683 0.00000 0.42683 0.42683
-0.34493 0.00000 -0.34493 -0.34493
