# avg	std	min	max
0.70554 0.00000 0.70554 0.70554
-0.09756 0.00000 -0.09756 -0.09756
0.18550 0.00000 0.18550 0.18550
-0.27104 0.00000 -0.27104 -0.27104
-0.37730 0.00000 -0.37730 -0.37730
-0.51299 0.00000 -0.51299 -0.51299
-0.48708 0.00000 -0.48708 -0.48708
-0.68015 0.00000 -0.68015 -0.68015
2.46831 0.00000 2.46831 2.46831
-0.09039 0.00000 -0.09039 -0.09039
0.66312 0.00000 0.66312 0.66312
0.61520 0.00000 0.61520 0.61520
-0.48155 0.00000 -0.48155 -0.48155
-0.03497 0.00000 -0.03497 -0.03497
-0.00076 0.00000 -0.00076 -0.00076
0.23340 0.00000 0.23340 0.23340
-0.06988 0.00000 -0.06988 -0.06988
-0.35715 0.00000 -0.35715 -0.35715
-0.85596 0.00000 -0.85596 -0.85596
0.11667 0.00000 0.11667 0.11667
0.02112 0.00000 0.02112 0.02112
0.12549 0.00000 0.12549 0.12549
-0.69867 0.00000 -0.69867 -0.69867
