# avg	std	min	max
1.03505 0.00000 1.03505 1.03505
0.22601 0.00000 0.22601 0.22601
0.43188 0.00000 0.43188 0.43188
-0.23680 0.00000 -0.23680 -0.23680
-0.14301 0.00000 -0.14301 -0.14301
-0.39941 0.00000 -0.39941 -0.39941
-0.04153 0.00000 -0.04153 -0.04153
-0.42758 0.00000 -0.42758 -0.42758
2.91134 0.00000 2.91134 2.91134
0.19676 0.00000 0.19676 0.19676
0.90360 0.00000 0.90360 0.90360
0.85570 0.00000 0.85570 0.85570
-0.06257 0.00000 -0.06257 -0.06257
0.13748 0.00000 0.13748 0.13748
0.00015 0.00000 0.00015 0.00015
0.62797 0.00000 0.62797 0.62797
0.16750 0.00000 0.16750 0.16750
-0.11494 0.00000 -0.11494 -0.11494
-0.31538 0.00000 -0.31538 -0.31538
0.40525 0.00000 0.40525 0.40525
0.30957 0.00000 0.30957 0.30957
0.42507 0.00000 0.42507 0.42507
-0.26264 0.00000 -0.26264 -0.26264
