# avg	std	min	max
0.87429 0.00000 0.87429 0.87429
0.24006 0.00000 0.24006 0.24006
1.09193 0.00000 1.09193 1.09193
-0.12033 0.00000 -0.12033 -0.12033
0.56914 0.00000 0.56914 0.56914
0.02593 0.00000 0.02593 0.02593
0.16108 0.00000 0.16108 0.16108
-0.41266 0.00000 -0.41266 -0.41266
3.37443 0.00000 3.37443 3.37443
0.24734 0.00000 0.24734 0.24734
0.65086 0.00000 0.65086 0.65086
1.00971 0.00000 1.00971 1.00971
0.06820 0.00000 0.06820 0.06820
0.08582 0.00000 0.08582 0.08582
-0.03976 0.00000 -0.03976 -0.03976
1.01153 0.00000 1.01153 1.01153
1.06669 0.00000 1.06669 1.06669
-0.15468 0.00000 -0.15468 -0.15468
-0.49051 0.00000 -0.49051 -0.49051
0.35102 0.00000 0.35102 0.35102
1.06757 0.00000 1.06757 1.06757
1.07998 0.00000 1.07998 1.07998
-0.07059 0.00000 -0.07059 -0.07059
