# avg	std	min	max
1.47649 0.00000 1.47649 1.47649
0.49793 0.00000 0.49793 0.49793
0.27576 0.00000 0.27576 0.27576
-0.37197 0.00000 -0.37197 -0.37197
-0.32598 0.00000 -0.32598 -0.32598
-0.52121 0.00000 -0.52121 -0.52121
-0.12475 0.00000 -0.12475 -0.12475
-0.69193 0.00000 -0.69193 -0.69193
3.01326 0.00000 3.01326 3.01326
1.12682 0.00000 1.12682 1.12682
0.85729 0.00000 0.85729 0.85729
1.11267 0.00000 1.11267 1.11267
-0.79622 0.00000 -0.79622 -0.79622
0.53804 0.00000 0.53804 0.53804
-0.03702 0.00000 -0.03702 -0.03702
0.88876 0.00000 0.88876 0.88876
0.51216 0.00000 0.51216 0.51216
0.00780 0.00000 0.00780 0.00780
-0.03613 0.00000 -0.03613 -0.03613
0.07318 0.00000 0.07318 0.07318
0.77261 0.00000 0.77261 0.77261
0.76058 0.00000 0.76058 0.76058
-0.77262 0.00000 -0.77262 -0.77262
