# avg	std	min	max
0.84012 0.00000 0.84012 0.84012
0.50154 0.00000 0.50154 0.50154
1.54588 0.00000 1.54588 1.54588
0.32188 0.00000 0.32188 0.32188
1.06559 0.00000 1.06559 1.06559
0.32132 0.00000 0.32132 0.32132
0.09928 0.00000 0.09928 0.09928
-0.53303 0.00000 -0.53303 -0.53303
-0.73964 0.00000 -0.73964 -0.73964
0.32032 0.00000 0.32032 0.32032
1.31125 0.00000 1.31125 1.31125
0.47113 0.00000 0.47113 0.47113
-0.14258 0.00000 -0.14258 -0.14258
-0.11161 0.00000 -0.11161 -0.11161
-0.00317 0.00000 -0.00317 -0.00317
0.09762 0.00000 0.09762 0.09762
0.88712 0.00000 0.88712 0.88712
-0.55464 0.00000 -0.55464 -0.55464
-0.69666 0.00000 -0.69666 -0.69666
0.28682 0.00000 0.28682 0.28682
0.62858 0.00000 0.62858 0.62858
1.44686 0.00000 1.44686 1.44686
-0.26136 0.00000 -0.26136 -0.26136
