# avg	std	min	max
0.54860 0.00000 0.54860 0.54860
0.44082 0.00000 0.44082 0.44082
0.36207 0.00000 0.36207 0.36207
0.18208 0.00000 0.18208 0.18208
0.21020 0.00000 0.21020 0.21020
0.14633 0.00000 0.14633 0.14633
-0.09611 0.00000 -0.09611 -0.09611
0.17896 0.00000 0.17896 0.17896
0.58901 0.00000 0.58901 0.58901
0.25871 0.00000 0.25871 0.25871
0.17956 0.00000 0.17956 0.17956
0.24683 0.00000 0.24683 0.24683
0.02043 0.00000 0.02043 0.02043
0.02200 0.00000 0.02200 0.02200
-0.00216 0.00000 -0.00216 -0.00216
0.20048 0.00000 0.20048 0.20048
0.20202 0.00000 0.20202 0.20202
0.00523 0.00000 0.00523 0.00523
-0.17936 0.00000 -0.17936 -0.17936
0.49865 0.00000 0.49865 0.49865
0.41300 0.00000 0.41300 0.41300
0.30157 0.00000 0.30157 0.30157
-0.44653 0.00000 -0.44653 -0.44653
