# avg	std	min	max
0.05536 0.00000 0.05536 0.05536
0.12899 0.00000 0.12899 0.12899
-0.06490 0.00000 -0.06490 -0.06490
-0.25986 0.00000 -0.25986 -0.25986
-0.28416 0.00000 -0.28416 -0.28416
0.04732 0.00000 0.04732 0.04732
-0.53518 0.00000 -0.53518 -0.53518
-0.24880 0.00000 -0.24880 -0.24880
-0.36650 0.00000 -0.36650 -0.36650
0.22284 0.00000 0.22284 0.22284
-0.11935 0.00000 -0.11935 -0.11935
-0.03822 0.00000 -0.03822 -0.03822
-0.52014 0.00000 -0.52014 -0.52014
-0.15813 0.00000 -0.15813 -0.15813
-0.00255 0.00000 -0.00255 -0.00255
-0.24416 0.00000 -0.24416 -0.24416
-0.12201 0.00000 -0.12201 -0.12201
-0.34130 0.00000 -0.34130 -0.34130
-0.53234 0.00000 -0.53234 -0.53234
-0.21114 0.00000 -0.21114 -0.21114
-0.06423 0.00000 -0.06423 -0.06423
-0.12053 0.00000 -0.12053 -0.12053
-0.64592 0.00000 -0.64592 -0.64592
