# avg	std	min	max
1.05496 0.00000 1.05496 1.05496
-0.11653 0.00000 -0.11653 -0.11653
0.07971 0.00000 0.07971 0.07971
0.22164 0.00000 0.22164 0.22164
0.20414 0.00000 0.20414 0.20414
0.16438 0.00000 0.16438 0.16438
1.14074 0.00000 1.14074 1.14074
-0.61656 0.00000 -0.61656 -0.61656
0.76334 0.00000 0.76334 0.76334
1.42791 0.00000 1.42791 1.42791
-0.07677 0.00000 -0.07677 -0.07677
1.41615 0.00000 1.41615 1.41615
1.31167 0.00000 1.31167 1.31167
0.14054 0.00000 0.14054 0.14054
0.00127 0.00000 0.00127 0.00127
-0.55239 0.00000 -0.55239 -0.55239
1.06997 0.00000 1.06997 1.06997
0.10666 0.00000 0.10666 0.10666
0.06967 0.00000 0.06967 0.06967
1.34754 0.00000 1.34754 1.34754
0.89394 0.00000 0.89394 0.89394
-0.44906 0.00000 -0.44906 -0.44906
0.16701 0.00000 0.16701 0.16701
