# avg	std	min	max
0.17720 0.00000 0.17720 0.17720
0.03731 0.00000 0.03731 0.03731
0.01821 0.00000 0.01821 0.01821
-0.16445 0.00000 -0.16445 -0.16445
0.16951 0.00000 0.16951 0.16951
-0.08724 0.00000 -0.08724 -0.08724
-0.07287 0.00000 -0.07287 -0.07287
-0.74243 0.00000 -0.74243 -0.74243
-0.23481 0.00000 -0.23481 -0.23481
0.09769 0.00000 0.09769 0.09769
-0.06889 0.00000 -0.06889 -0.06889
0.12596 0.00000 0.12596 0.12596
-0.06663 0.00000 -0.06663 -0.06663
-0.01251 0.00000 -0.01251 -0.01251
-0.00035 0.00000 -0.00035 -0.00035
-0.39119 0.00000 -0.39119 -0.39119
-0.21307 0.00000 -0.21307 -0.21307
-0.01083 0.00000 -0.01083 -0.01083
0.14167 0.00000 0.14167 0.14167
0.22642 0.00000 0.22642 0.22642
-0.35595 0.00000 -0.35595 -0.35595
-0.34368 0.00000 -0.34368 -0.34368
-0.78336 0.00000 -0.78336 -0.78336
