# avg	std	min	max
2.24243 0.00000 2.24243 2.24243
0.49125 0.00000 0.49125 0.49125
0.26326 0.00000 0.26326 0.26326
-0.04980 0.00000 -0.04980 -0.04980
0.13690 0.00000 0.13690 0.13690
-0.04504 0.00000 -0.04504 -0.04504
-0.45209 0.00000 -0.45209 -0.45209
-0.97154 0.00000 -0.97154 -0.97154
1.75272 0.00000 1.75272 1.75272
0.16143 0.00000 0.16143 0.16143
0.18740 0.00000 0.18740 0.18740
0.05679 0.00000 0.05679 0.05679
-0.29804 0.00000 -0.29804 -0.29804
0.06802 0.00000 0.06802 0.06802
-0.00152 0.00000 -0.00152 -0.00152
0.34842 0.00000 0.34842 0.34842
0.21586 0.00000 0.21586 0.21586
-0.53037 0.00000 -0.53037 -0.53037
-0.88876 0.00000 -0.88876 -0.88876
0.08860 0.00000 0.08860 0.08860
0.70561 0.00000 0.70561 0.70561
0.34098 0.00000 0.34098 0.34098
0.06782 0.00000 0.06782 0.06782
