# avg	std	min	max
-1.82399 0.00000 -1.82399 -1.82399
0.40317 0.00000 0.40317 0.40317
2.31622 0.00000 2.31622 2.31622
-0.08016 0.00000 -0.08016 -0.08016
1.80756 0.00000 1.80756 1.80756
0.14352 0.00000 0.14352 0.14352
-0.36065 0.00000 -0.36065 -0.36065
-0.31207 0.00000 -0.31207 -0.31207
5.67812 0.00000 5.67812 5.67812
0.64704 0.00000 0.64704 0.64704
1.67048 0.00000 1.67048 1.67048
0.15464 0.00000 0.15464 0.15464
-0.36147 0.00000 -0.36147 -0.36147
0.20816 0.00000 0.20816 0.20816
-0.08393 0.00000 -0.08393 -0.08393
-0.98094 0.00000 -0.98094 -0.98094
0.38392 0.00000 0.38392 0.38392
-0.36964 0.00000 -0.36964 -0.36964
-0.52340 0.00000 -0.52340 -0.52340
0.19604 0.00000 0.19604 0.19604
0.47882 0.00000 0.47882 0.47882
0.59847 0.00000 0.59847 0.59847
-0.17789 0.00000 -0.17789 -0.17789
