# avg	std	min	max
0.20877 0.00000 0.20877 0.20877
0.30906 0.00000 0.30906 0.30906
0.68474 0.00000 0.68474 0.68474
0.36173 0.00000 0.36173 0.36173
0.92862 0.00000 0.92862 0.92862
0.45993 0.00000 0.45993 0.45993
0.12718 0.00000 0.12718 0.12718
1.86995 0.00000 1.86995 1.86995
2.62716 0.00000 2.62716 2.62716
0.55090 0.00000 0.55090 0.55090
0.60460 0.00000 0.60460 0.60460
2.09952 0.00000 2.09952 2.09952
0.13964 0.00000 0.13964 0.13964
0.12489 0.00000 0.12489 0.12489
-0.01120 0.00000 -0.01120 -0.01120
-0.23331 0.00000 -0.23331 -0.23331
0.05888 0.00000 0.05888 0.05888
-0.13152 0.00000 -0.13152 -0.13152
-0.23132 0.00000 -0.23132 -0.23132
0.08882 0.00000 0.08882 0.08882
0.66953 0.00000 0.66953 0.66953
0.98867 0.00000 0.98867 0.98867
0.56426 0.00000 0.56426 0.56426
