# avg	std	min	max
0.28257 0.00000 0.28257 0.28257
0.51166 0.00000 0.51166 0.51166
0.69534 0.00000 0.69534 0.69534
0.74274 0.00000 0.74274 0.74274
0.93354 0.00000 0.93354 0.93354
0.36365 0.00000 0.36365 0.36365
0.18589 0.00000 0.18589 0.18589
0.44312 0.00000 0.44312 0.44312
1.90299 0.00000 1.90299 1.90299
0.44330 0.00000 0.44330 0.44330
0.56562 0.00000 0.56562 0.56562
0.59955 0.00000 0.59955 0.59955
0.02482 0.00000 0.02482 0.02482
0.29702 0.00000 0.29702 0.29702
-0.01369 0.00000 -0.01369 -0.01369
0.82044 0.00000 0.82044 0.82044
0.94707 0.00000 0.94707 0.94707
0.07632 0.00000 0.07632 0.07632
-0.36896 0.00000 -0.36896 -0.36896
0.37304 0.00000 0.37304 0.37304
0.94996 0.00000 0.94996 0.94996
1.18701 0.00000 1.18701 1.18701
0.85084 0.00000 0.85084 0.85084
