# avg	std	min	max
0.50189 0.00000 0.50189 0.50189
-0.03837 0.00000 -0.03837 -0.03837
-0.42888 0.00000 -0.42888 -0.42888
-0.82145 0.00000 -0.82145 -0.82145
-1.02759 0.00000 -1.02759 -1.02759
-0.39583 0.00000 -0.39583 -0.39583
-0.90364 0.00000 -0.90364 -0.90364
-0.92565 0.00000 -0.92565 -0.92565
1.61813 0.00000 1.61813 1.61813
-0.02778 0.00000 -0.02778 -0.02778
-0.30158 0.00000 -0.30158 -0.30158
0.17079 0.00000 0.17079 0.17079
-0.71005 0.00000 -0.71005 -0.71005
-0.84859 0.00000 -0.84859 -0.84859
-0.00000 0.00000 -0.00000 -0.00000
-1.68533 0.00000 -1.68533 -1.68533
-1.07604 0.00000 -1.07604 -1.07604
-0.41465 0.00000 -0.41465 -0.41465
-0.58644 0.00000 -0.58644 -0.58644
-0.15386 0.00000 -0.15386 -0.15386
-0.72176 0.00000 -0.72176 -0.72176
-0.18579 0.00000 -0.18579 -0.18579
-1.21228 0.00000 -1.21228 -1.21228
