# avg	std	min	max
0.59797 0.00000 0.59797 0.59797
0.14518 0.00000 0.14518 0.14518
0.92232 0.00000 0.92232 0.92232
0.10014 0.00000 0.10014 0.10014
0.57146 0.00000 0.57146 0.57146
0.13478 0.00000 0.13478 0.13478
0.46876 0.00000 0.46876 0.46876
-0.22786 0.00000 -0.22786 -0.22786
0.19802 0.00000 0.19802 0.19802
0.79582 0.00000 0.79582 0.79582
1.08614 0.00000 1.08614 1.08614
0.85993 0.00000 0.85993 0.85993
0.42386 0.00000 0.42386 0.42386
0.60371 0.00000 0.60371 0.60371
-0.02355 0.00000 -0.02355 -0.02355
0.51890 0.00000 0.51890 0.51890
0.36016 0.00000 0.36016 0.36016
0.02145 0.00000 0.02145 0.02145
-1.00531 0.00000 -1.00531 -1.00531
0.55817 0.00000 0.55817 0.55817
0.72138 0.00000 0.72138 0.72138
0.82301 0.00000 0.82301 0.82301
0.30234 0.00000 0.30234 0.30234
