# avg	std	min	max
0.11249 0.00000 0.11249 0.11249
0.03201 0.00000 0.03201 0.03201
0.70733 0.00000 0.70733 0.70733
0.10541 0.00000 0.10541 0.10541
0.63022 0.00000 0.63022 0.63022
-0.03531 0.00000 -0.03531 -0.03531
0.02659 0.00000 0.02659 0.02659
-0.00924 0.00000 -0.00924 -0.00924
-0.26837 0.00000 -0.26837 -0.26837
0.23618 0.00000 0.23618 0.23618
0.59508 0.00000 0.59508 0.59508
0.19405 0.00000 0.19405 0.19405
0.00942 0.00000 0.00942 0.00942
0.04511 0.00000 0.04511 0.04511
-0.01887 0.00000 -0.01887 -0.01887
-0.01449 0.00000 -0.01449 -0.01449
0.36251 0.00000 0.36251 0.36251
-0.36346 0.00000 -0.36346 -0.36346
-0.23096 0.00000 -0.23096 -0.23096
0.22050 0.00000 0.22050 0.22050
0.47574 0.00000 0.47574 0.47574
0.88325 0.00000 0.88325 0.88325
-0.05831 0.00000 -0.05831 -0.05831
