# avg	std	min	max
0.82866 0.00000 0.82866 0.82866
0.07465 0.00000 0.07465 0.07465
1.00056 0.00000 1.00056 1.00056
-0.07382 0.00000 -0.07382 -0.07382
0.42390 0.00000 0.42390 0.42390
0.19426 0.00000 0.19426 0.19426
-0.12851 0.00000 -0.12851 -0.12851
-0.02560 0.00000 -0.02560 -0.02560
2.18192 0.00000 2.18192 2.18192
-0.25951 0.00000 -0.25951 -0.25951
0.32464 0.00000 0.32464 0.32464
0.61810 0.00000 0.61810 0.61810
-0.05643 0.00000 -0.05643 -0.05643
-0.31184 0.00000 -0.31184 -0.31184
-0.04670 0.00000 -0.04670 -0.04670
0.75787 0.00000 0.75787 0.75787
0.42611 0.00000 0.42611 0.42611
-0.43267 0.00000 -0.43267 -0.43267
-0.57015 0.00000 -0.57015 -0.57015
-0.18373 0.00000 -0.18373 -0.18373
0.71172 0.00000 0.71172 0.71172
1.51881 0.00000 1.51881 1.51881
0.39849 0.00000 0.39849 0.39849
