# avg	std	min	max
2.42206 0.00000 2.42206 2.42206
1.25003 0.00000 1.25003 1.25003
1.04381 0.00000 1.04381 1.04381
0.00987 0.00000 0.00987 0.00987
0.39839 0.00000 0.39839 0.39839
-0.00049 0.00000 -0.00049 -0.00049
0.36080 0.00000 0.36080 0.36080
0.58204 0.00000 0.58204 0.58204
2.74607 0.00000 2.74607 2.74607
2.15093 0.00000 2.15093 2.15093
1.54454 0.00000 1.54454 1.54454
1.82502 0.00000 1.82502 1.82502
0.37384 0.00000 0.37384 0.37384
1.59535 0.00000 1.59535 1.59535
-0.01441 0.00000 -0.01441 -0.01441
1.37205 0.00000 1.37205 1.37205
-0.58725 0.00000 -0.58725 -0.58725
0.50680 0.00000 0.50680 0.50680
0.68127 0.00000 0.68127 0.68127
1.16579 0.00000 1.16579 1.16579
-0.77157 0.00000 -0.77157 -0.77157
-1.10044 0.00000 -1.10044 -1.10044
0.01301 0.00000 0.01301 0.01301
