# avg	std	min	max
1.43096 0.00000 1.43096 1.43096
0.61093 0.00000 0.61093 0.61093
1.19454 0.00000 1.19454 1.19454
-0.12698 0.00000 -0.12698 -0.12698
0.49961 0.00000 0.49961 0.49961
-0.18070 0.00000 -0.18070 -0.18070
-0.01358 0.00000 -0.01358 -0.01358
-0.07749 0.00000 -0.07749 -0.07749
3.20234 0.00000 3.20234 3.20234
0.62701 0.00000 0.62701 0.62701
1.21262 0.00000 1.21262 1.21262
1.36772 0.00000 1.36772 1.36772
0.05625 0.00000 0.05625 0.05625
0.35052 0.00000 0.35052 0.35052
-0.00040 0.00000 -0.00040 -0.00040
0.86824 0.00000 0.86824 0.86824
0.54999 0.00000 0.54999 0.54999
0.15963 0.00000 0.15963 0.15963
-0.03884 0.00000 -0.03884 -0.03884
0.67471 0.00000 0.67471 0.67471
0.73404 0.00000 0.73404 0.73404
0.55043 0.00000 0.55043 0.55043
-0.28347 0.00000 -0.28347 -0.28347
