# avg	std	min	max
3.44746 0.00000 3.44746 3.44746
2.14329 0.00000 2.14329 2.14329
2.24919 0.00000 2.24919 2.24919
1.26322 0.00000 1.26322 1.26322
1.31672 0.00000 1.31672 1.31672
1.32451 0.00000 1.32451 1.32451
1.93276 0.00000 1.93276 1.93276
1.97078 0.00000 1.97078 1.97078
5.41548 0.00000 5.41548 5.41548
2.30265 0.00000 2.30265 2.30265
1.88138 0.00000 1.88138 1.88138
2.73852 0.00000 2.73852 2.73852
2.20526 0.00000 2.20526 2.20526
1.93461 0.00000 1.93461 1.93461
1.83810 0.00000 1.83810 1.83810
2.95613 0.00000 2.95613 2.95613
2.34839 0.00000 2.34839 2.34839
0.80770 0.00000 0.80770 0.80770
-0.01111 0.00000 -0.01111 -0.01111
1.58844 0.00000 1.58844 1.58844
2.49485 0.00000 2.49485 2.49485
3.78207 0.00000 3.78207 3.78207
1.99669 0.00000 1.99669 1.99669
