# avg	std	min	max
1.12710 0.00000 1.12710 1.12710
0.22334 0.00000 0.22334 0.22334
0.35246 0.00000 0.35246 0.35246
-0.19171 0.00000 -0.19171 -0.19171
-0.24744 0.00000 -0.24744 -0.24744
-0.10638 0.00000 -0.10638 -0.10638
0.11079 0.00000 0.11079 0.11079
0.38454 0.00000 0.38454 0.38454
3.03293 0.00000 3.03293 3.03293
0.33253 0.00000 0.33253 0.33253
0.88657 0.00000 0.88657 0.88657
0.98685 0.00000 0.98685 0.98685
0.09949 0.00000 0.09949 0.09949
0.76262 0.00000 0.76262 0.76262
-0.42559 0.00000 -0.42559 -0.42559
0.64155 0.00000 0.64155 0.64155
0.26287 0.00000 0.26287 0.26287
0.16815 0.00000 0.16815 0.16815
-0.04056 0.00000 -0.04056 -0.04056
0.50345 0.00000 0.50345 0.50345
0.51862 0.00000 0.51862 0.51862
0.39538 0.00000 0.39538 0.39538
-0.64517 0.00000 -0.64517 -0.64517
