# avg	std	min	max
0.80350 0.00000 0.80350 0.80350
0.20490 0.00000 0.20490 0.20490
1.71479 0.00000 1.71479 1.71479
-0.06669 0.00000 -0.06669 -0.06669
1.20618 0.00000 1.20618 1.20618
0.26866 0.00000 0.26866 0.26866
-0.25116 0.00000 -0.25116 -0.25116
0.79510 0.00000 0.79510 0.79510
2.50550 0.00000 2.50550 2.50550
0.08707 0.00000 0.08707 0.08707
1.55006 0.00000 1.55006 1.55006
1.20355 0.00000 1.20355 1.20355
-0.06447 0.00000 -0.06447 -0.06447
0.72872 0.00000 0.72872 0.72872
0.38763 0.00000 0.38763 0.38763
1.21102 0.00000 1.21102 1.21102
0.37796 0.00000 0.37796 0.37796
0.11253 0.00000 0.11253 0.11253
-0.04324 0.00000 -0.04324 -0.04324
1.07402 0.00000 1.07402 1.07402
0.62814 0.00000 0.62814 0.62814
1.56492 0.00000 1.56492 1.56492
0.43929 0.00000 0.43929 0.43929
