# avg	std	min	max
2.67333 0.00000 2.67333 2.67333
1.86971 0.00000 1.86971 1.86971
2.13304 0.00000 2.13304 2.13304
1.20149 0.00000 1.20149 1.20149
1.80955 0.00000 1.80955 1.80955
1.02507 0.00000 1.02507 1.02507
1.30599 0.00000 1.30599 1.30599
1.61857 0.00000 1.61857 1.61857
3.77347 0.00000 3.77347 3.77347
1.87998 0.00000 1.87998 1.87998
1.60898 0.00000 1.60898 1.60898
2.24202 0.00000 2.24202 2.24202
1.35961 0.00000 1.35961 1.35961
2.09071 0.00000 2.09071 2.09071
1.32958 0.00000 1.32958 1.32958
2.39817 0.00000 2.39817 2.39817
1.79872 0.00000 1.79872 1.79872
1.37436 0.00000 1.37436 1.37436
-0.03142 0.00000 -0.03142 -0.03142
2.31942 0.00000 2.31942 2.31942
2.18885 0.00000 2.18885 2.18885
2.53930 0.00000 2.53930 2.53930
1.08450 0.00000 1.08450 1.08450
