# avg	std	min	max
1.11649 0.00000 1.11649 1.11649
0.28251 0.00000 0.28251 0.28251
0.67721 0.00000 0.67721 0.67721
0.25078 0.00000 0.25078 0.25078
0.43316 0.00000 0.43316 0.43316
-0.16888 0.00000 -0.16888 -0.16888
0.22958 0.00000 0.22958 0.22958
0.03401 0.00000 0.03401 0.03401
2.71520 0.00000 2.71520 2.71520
0.35110 0.00000 0.35110 0.35110
0.80027 0.00000 0.80027 0.80027
0.86337 0.00000 0.86337 0.86337
0.27243 0.00000 0.27243 0.27243
0.08866 0.00000 0.08866 0.08866
0.07069 0.00000 0.07069 0.07069
0.64726 0.00000 0.64726 0.64726
0.27125 0.00000 0.27125 0.27125
0.15447 0.00000 0.15447 0.15447
-0.02484 0.00000 -0.02484 -0.02484
0.37159 0.00000 0.37159 0.37159
0.42572 0.00000 0.42572 0.42572
0.72678 0.00000 0.72678 0.72678
-0.21202 0.00000 -0.21202 -0.21202
