# avg	std	min	max
2.12814 0.00000 2.12814 2.12814
1.30696 0.00000 1.30696 1.30696
2.65340 0.00000 2.65340 2.65340
0.53246 0.00000 0.53246 0.53246
1.89797 0.00000 1.89797 1.89797
0.76643 0.00000 0.76643 0.76643
0.67806 0.00000 0.67806 0.67806
0.60812 0.00000 0.60812 0.60812
2.88342 0.00000 2.88342 2.88342
1.11595 0.00000 1.11595 1.11595
1.78419 0.00000 1.78419 1.78419
1.68662 0.00000 1.68662 1.68662
0.91054 0.00000 0.91054 0.91054
1.10457 0.00000 1.10457 1.10457
1.03441 0.00000 1.03441 1.03441
1.50774 0.00000 1.50774 1.50774
1.06960 0.00000 1.06960 1.06960
0.44751 0.00000 0.44751 0.44751
0.02284 0.00000 0.02284 0.02284
1.42857 0.00000 1.42857 1.42857
1.35926 0.00000 1.35926 1.35926
2.06369 0.00000 2.06369 2.06369
0.28316 0.00000 0.28316 0.28316
