# avg	std	min	max
3.53086 0.00000 3.53086 3.53086
2.59372 0.00000 2.59372 2.59372
3.93293 0.00000 3.93293 3.93293
3.36548 0.00000 3.36548 3.36548
3.21896 0.00000 3.21896 3.21896
2.33489 0.00000 2.33489 2.33489
8.59223 0.00000 8.59223 8.59223
8.38083 0.00000 8.38083 8.38083
5.43746 0.00000 5.43746 5.43746
3.03749 0.00000 3.03749 3.03749
3.48286 0.00000 3.48286 3.48286
3.07617 0.00000 3.07617 3.07617
7.32748 0.00000 7.32748 7.32748
2.99379 0.00000 2.99379 2.99379
2.84021 0.00000 2.84021 2.84021
5.06527 0.00000 5.06527 5.06527
4.52383 0.00000 4.52383 4.52383
1.09923 0.00000 1.09923 1.09923
-0.11163 0.00000 -0.11163 -0.11163
6.65139 0.00000 6.65139 6.65139
7.15058 0.00000 7.15058 7.15058
5.98927 0.00000 5.98927 5.98927
9.86873 0.00000 9.86873 9.86873
