# avg	std	min	max
2.52301 0.00000 2.52301 2.52301
1.41870 0.00000 1.41870 1.41870
1.60328 0.00000 1.60328 1.60328
0.38407 0.00000 0.38407 0.38407
1.01588 0.00000 1.01588 1.01588
0.34489 0.00000 0.34489 0.34489
0.75910 0.00000 0.75910 0.75910
0.58187 0.00000 0.58187 0.58187
3.00034 0.00000 3.00034 3.00034
1.61343 0.00000 1.61343 1.61343
1.77725 0.00000 1.77725 1.77725
2.04010 0.00000 2.04010 2.04010
0.91254 0.00000 0.91254 0.91254
1.88227 0.00000 1.88227 1.88227
0.91412 0.00000 0.91412 0.91412
2.01292 0.00000 2.01292 2.01292
1.28890 0.00000 1.28890 1.28890
0.97637 0.00000 0.97637 0.97637
-0.02388 0.00000 -0.02388 -0.02388
1.49157 0.00000 1.49157 1.49157
1.79995 0.00000 1.79995 1.79995
1.86224 0.00000 1.86224 1.86224
0.62885 0.00000 0.62885 0.62885
