# avg	std	min	max
0.22531 0.00000 0.22531 0.22531
0.13908 0.00000 0.13908 0.13908
0.41116 0.00000 0.41116 0.41116
-0.04770 0.00000 -0.04770 -0.04770
0.22686 0.00000 0.22686 0.22686
0.13461 0.00000 0.13461 0.13461
-0.33356 0.00000 -0.33356 -0.33356
0.03536 0.00000 0.03536 0.03536
-0.41129 0.00000 -0.41129 -0.41129
0.21890 0.00000 0.21890 0.21890
0.29119 0.00000 0.29119 0.29119
0.24085 0.00000 0.24085 0.24085
-0.74219 0.00000 -0.74219 -0.74219
-0.11734 0.00000 -0.11734 -0.11734
-0.35631 0.00000 -0.35631 -0.35631
-0.74905 0.00000 -0.74905 -0.74905
-0.47244 0.00000 -0.47244 -0.47244
0.15448 0.00000 0.15448 0.15448
-0.03001 0.00000 -0.03001 -0.03001
-0.27693 0.00000 -0.27693 -0.27693
-0.09708 0.00000 -0.09708 -0.09708
0.09443 0.00000 0.09443 0.09443
-1.02742 0.00000 -1.02742 -1.02742
