# avg	std	min	max
-0.02331 0.00000 -0.02331 -0.02331
-0.08758 0.00000 -0.08758 -0.08758
0.17093 0.00000 0.17093 0.17093
-0.11611 0.00000 -0.11611 -0.11611
0.47267 0.00000 0.47267 0.47267
0.06712 0.00000 0.06712 0.06712
-0.09779 0.00000 -0.09779 -0.09779
-0.08494 0.00000 -0.08494 -0.08494
-1.16225 0.00000 -1.16225 -1.16225
0.19719 0.00000 0.19719 0.19719
0.06221 0.00000 0.06221 0.06221
-0.17143 0.00000 -0.17143 -0.17143
-0.18182 0.00000 -0.18182 -0.18182
-0.39570 0.00000 -0.39570 -0.39570
-0.39078 0.00000 -0.39078 -0.39078
-0.85709 0.00000 -0.85709 -0.85709
-0.92113 0.00000 -0.92113 -0.92113
-0.06927 0.00000 -0.06927 -0.06927
-0.00166 0.00000 -0.00166 -0.00166
-0.23222 0.00000 -0.23222 -0.23222
-0.67442 0.00000 -0.67442 -0.67442
-0.17900 0.00000 -0.17900 -0.17900
-0.83787 0.00000 -0.83787 -0.83787
