# avg	std	min	max
0.85028 0.00000 0.85028 0.85028
0.58738 0.00000 0.58738 0.58738
1.37839 0.00000 1.37839 1.37839
0.54651 0.00000 0.54651 0.54651
1.22939 0.00000 1.22939 1.22939
0.47672 0.00000 0.47672 0.47672
0.81390 0.00000 0.81390 0.81390
0.05838 0.00000 0.05838 0.05838
0.39669 0.00000 0.39669 0.39669
1.01017 0.00000 1.01017 1.01017
1.29790 0.00000 1.29790 1.29790
0.99638 0.00000 0.99638 0.99638
0.22198 0.00000 0.22198 0.22198
0.72288 0.00000 0.72288 0.72288
0.55765 0.00000 0.55765 0.55765
0.00910 0.00000 0.00910 0.00910
0.22656 0.00000 0.22656 0.22656
0.71295 0.00000 0.71295 0.71295
-0.02561 0.00000 -0.02561 -0.02561
1.13069 0.00000 1.13069 1.13069
0.48255 0.00000 0.48255 0.48255
0.72375 0.00000 0.72375 0.72375
-0.10950 0.00000 -0.10950 -0.10950
