# avg	std	min	max
0.81731 0.00000 0.81731 0.81731
0.48504 0.00000 0.48504 0.48504
0.93640 0.00000 0.93640 0.93640
0.37052 0.00000 0.37052 0.37052
0.78821 0.00000 0.78821 0.78821
0.44306 0.00000 0.44306 0.44306
0.59007 0.00000 0.59007 0.59007
0.69102 0.00000 0.69102 0.69102
2.77467 0.00000 2.77467 2.77467
-0.27802 0.00000 -0.27802 -0.27802
-0.05271 0.00000 -0.05271 -0.05271
0.36930 0.00000 0.36930 0.36930
0.35501 0.00000 0.35501 0.35501
-0.01996 0.00000 -0.01996 -0.01996
0.23881 0.00000 0.23881 0.23881
0.27586 0.00000 0.27586 0.27586
0.17942 0.00000 0.17942 0.17942
0.42619 0.00000 0.42619 0.42619
-0.00851 0.00000 -0.00851 -0.00851
0.48414 0.00000 0.48414 0.48414
0.31814 0.00000 0.31814 0.31814
0.37797 0.00000 0.37797 0.37797
-0.13086 0.00000 -0.13086 -0.13086
