# avg	std	min	max
1.69221 0.00000 1.69221 1.69221
0.48605 0.00000 0.48605 0.48605
0.77417 0.00000 0.77417 0.77417
0.72799 0.00000 0.72799 0.72799
0.90105 0.00000 0.90105 0.90105
0.61870 0.00000 0.61870 0.61870
1.87228 0.00000 1.87228 1.87228
0.19414 0.00000 0.19414 0.19414
0.79091 0.00000 0.79091 0.79091
0.76947 0.00000 0.76947 0.76947
0.52132 0.00000 0.52132 0.52132
0.63839 0.00000 0.63839 0.63839
1.58891 0.00000 1.58891 1.58891
0.67342 0.00000 0.67342 0.67342
0.52672 0.00000 0.52672 0.52672
-0.00636 0.00000 -0.00636 -0.00636
1.42753 0.00000 1.42753 1.42753
0.64101 0.00000 0.64101 0.64101
-0.01409 0.00000 -0.01409 -0.01409
2.04250 0.00000 2.04250 2.04250
0.24901 0.00000 0.24901 0.24901
0.39039 0.00000 0.39039 0.39039
1.24902 0.00000 1.24902 1.24902
