# avg	std	min	max
0.93382 0.00000 0.93382 0.93382
1.00496 0.00000 1.00496 1.00496
1.03354 0.00000 1.03354 1.03354
0.27554 0.00000 0.27554 0.27554
1.16445 0.00000 1.16445 1.16445
0.34751 0.00000 0.34751 0.34751
0.20561 0.00000 0.20561 0.20561
-0.03047 0.00000 -0.03047 -0.03047
0.40554 0.00000 0.40554 0.40554
1.05820 0.00000 1.05820 1.05820
0.94070 0.00000 0.94070 0.94070
0.66566 0.00000 0.66566 0.66566
0.32940 0.00000 0.32940 0.32940
-0.05984 0.00000 -0.05984 -0.05984
-0.00827 0.00000 -0.00827 -0.00827
0.44760 0.00000 0.44760 0.44760
0.71243 0.00000 0.71243 0.71243
0.43827 0.00000 0.43827 0.43827
-0.04360 0.00000 -0.04360 -0.04360
0.18872 0.00000 0.18872 0.18872
0.70532 0.00000 0.70532 0.70532
0.96358 0.00000 0.96358 0.96358
-0.24093 0.00000 -0.24093 -0.24093
