# avg	std	min	max
1.97571 0.00000 1.97571 1.97571
1.65257 0.00000 1.65257 1.65257
0.60974 0.00000 0.60974 0.60974
0.12287 0.00000 0.12287 0.12287
0.00423 0.00000 0.00423 0.00423
0.30940 0.00000 0.30940 0.30940
0.28853 0.00000 0.28853 0.28853
0.17496 0.00000 0.17496 0.17496
2.63453 0.00000 2.63453 2.63453
1.74053 0.00000 1.74053 1.74053
0.91846 0.00000 0.91846 0.91846
1.12368 0.00000 1.12368 1.12368
0.30818 0.00000 0.30818 0.30818
0.93707 0.00000 0.93707 0.93707
0.70542 0.00000 0.70542 0.70542
1.84550 0.00000 1.84550 1.84550
1.30268 0.00000 1.30268 1.30268
0.16200 0.00000 0.16200 0.16200
-0.00158 0.00000 -0.00158 -0.00158
1.08968 0.00000 1.08968 1.08968
1.95117 0.00000 1.95117 1.95117
2.07796 0.00000 2.07796 2.07796
0.99867 0.00000 0.99867 0.99867
