# avg	std	min	max
4.26482 0.00000 4.26482 4.26482
3.28397 0.00000 3.28397 3.28397
3.07620 0.00000 3.07620 3.07620
1.73581 0.00000 1.73581 1.73581
2.46549 0.00000 2.46549 2.46549
2.23203 0.00000 2.23203 2.23203
2.74667 0.00000 2.74667 2.74667
1.61506 0.00000 1.61506 1.61506
6.10383 0.00000 6.10383 6.10383
3.26296 0.00000 3.26296 3.26296
4.16613 0.00000 4.16613 4.16613
4.39125 0.00000 4.39125 4.39125
1.46139 0.00000 1.46139 1.46139
3.89231 0.00000 3.89231 3.89231
2.98129 0.00000 2.98129 2.98129
4.68093 0.00000 4.68093 4.68093
3.85337 0.00000 3.85337 3.85337
1.99379 0.00000 1.99379 1.99379
0.00000 0.00000 0.00000 0.00000
4.09423 0.00000 4.09423 4.09423
5.31658 0.00000 5.31658 5.31658
7.86203 0.00000 7.86203 7.86203
1.80049 0.00000 1.80049 1.80049
