# avg	std	min	max
0.49683 0.00000 0.49683 0.49683
0.48290 0.00000 0.48290 0.48290
1.17942 0.00000 1.17942 1.17942
0.48394 0.00000 0.48394 0.48394
0.84026 0.00000 0.84026 0.84026
0.26579 0.00000 0.26579 0.26579
0.52971 0.00000 0.52971 0.52971
0.13358 0.00000 0.13358 0.13358
-0.65254 0.00000 -0.65254 -0.65254
-0.00024 0.00000 -0.00024 -0.00024
0.08630 0.00000 0.08630 0.08630
1.01903 0.00000 1.01903 1.01903
0.43556 0.00000 0.43556 0.43556
-1.39614 0.00000 -1.39614 -1.39614
0.43802 0.00000 0.43802 0.43802
-1.86201 0.00000 -1.86201 -1.86201
0.31234 0.00000 0.31234 0.31234
0.50415 0.00000 0.50415 0.50415
0.45117 0.00000 0.45117 0.45117
0.46509 0.00000 0.46509 0.46509
0.02067 0.00000 0.02067 0.02067
0.19863 0.00000 0.19863 0.19863
0.08114 0.00000 0.08114 0.08114
