# avg	std	min	max
1.40556 0.00000 1.40556 1.40556
1.45028 0.00000 1.45028 1.45028
2.21404 0.00000 2.21404 2.21404
0.69771 0.00000 0.69771 0.69771
1.68170 0.00000 1.68170 1.68170
0.91635 0.00000 0.91635 0.91635
1.22554 0.00000 1.22554 1.22554
1.57107 0.00000 1.57107 1.57107
2.75696 0.00000 2.75696 2.75696
-0.04185 0.00000 -0.04185 -0.04185
-0.93191 0.00000 -0.93191 -0.93191
1.42924 0.00000 1.42924 1.42924
1.21397 0.00000 1.21397 1.21397
0.09623 0.00000 0.09623 0.09623
1.69977 0.00000 1.69977 1.69977
0.11017 0.00000 0.11017 0.11017
1.61325 0.00000 1.61325 1.61325
0.97554 0.00000 0.97554 0.97554
0.79578 0.00000 0.79578 0.79578
1.51644 0.00000 1.51644 1.51644
2.15698 0.00000 2.15698 2.15698
2.88576 0.00000 2.88576 2.88576
0.96946 0.00000 0.96946 0.96946
