# avg	std	min	max
-0.34040 0.00000 -0.34040 -0.34040
-0.09625 0.00000 -0.09625 -0.09625
-0.05499 0.00000 -0.05499 -0.05499
-0.19871 0.00000 -0.19871 -0.19871
-0.11698 0.00000 -0.11698 -0.11698
-0.23892 0.00000 -0.23892 -0.23892
-0.47605 0.00000 -0.47605 -0.47605
-0.60952 0.00000 -0.60952 -0.60952
-0.55524 0.00000 -0.55524 -0.55524
-0.00013 0.00000 -0.00013 -0.00013
-0.20423 0.00000 -0.20423 -0.20423
0.07735 0.00000 0.07735 0.07735
-0.48379 0.00000 -0.48379 -0.48379
-0.48727 0.00000 -0.48727 -0.48727
-0.44622 0.00000 -0.44622 -0.44622
-0.56176 0.00000 -0.56176 -0.56176
-0.30144 0.00000 -0.30144 -0.30144
-0.79865 0.00000 -0.79865 -0.79865
-0.78317 0.00000 -0.78317 -0.78317
-0.21168 0.00000 -0.21168 -0.21168
0.12274 0.00000 0.12274 0.12274
0.05654 0.00000 0.05654 0.05654
-0.71811 0.00000 -0.71811 -0.71811
