# avg	std	min	max
0.02373 0.00000 0.02373 0.02373
-1.64522 0.00000 -1.64522 -1.64522
2.21788 0.00000 2.21788 2.21788
3.76499 0.00000 3.76499 3.76499
5.59540 0.00000 5.59540 5.59540
5.05390 0.00000 5.05390 5.05390
20.74960 0.00000 20.74960 20.74960
19.90054 0.00000 19.90054 19.90054
4.46933 0.00000 4.46933 4.46933
-0.00006 0.00000 -0.00006 -0.00006
1.35636 0.00000 1.35636 1.35636
1.39510 0.00000 1.39510 1.39510
23.76906 0.00000 23.76906 23.76906
4.50028 0.00000 4.50028 4.50028
5.44729 0.00000 5.44729 5.44729
7.17826 0.00000 7.17826 7.17826
8.17383 0.00000 8.17383 8.17383
8.95977 0.00000 8.95977 8.95977
8.92832 0.00000 8.92832 8.92832
14.85574 0.00000 14.85574 14.85574
18.64110 0.00000 18.64110 18.64110
20.46356 0.00000 20.46356 20.46356
29.53722 0.00000 29.53722 29.53722
