# avg	std	min	max
1.04301 0.00000 1.04301 1.04301
-0.01937 0.00000 -0.01937 -0.01937
0.31255 0.00000 0.31255 0.31255
-0.60568 0.00000 -0.60568 -0.60568
-0.46342 0.00000 -0.46342 -0.46342
-0.47460 0.00000 -0.47460 -0.47460
-0.71613 0.00000 -0.71613 -0.71613
-0.83738 0.00000 -0.83738 -0.83738
3.72583 0.00000 3.72583 3.72583
-0.00008 0.00000 -0.00008 -0.00008
0.11808 0.00000 0.11808 0.11808
0.48141 0.00000 0.48141 0.48141
-0.69305 0.00000 -0.69305 -0.69305
-0.08311 0.00000 -0.08311 -0.08311
-0.35359 0.00000 -0.35359 -0.35359
0.27047 0.00000 0.27047 0.27047
-0.13109 0.00000 -0.13109 -0.13109
-0.25381 0.00000 -0.25381 -0.25381
-1.99222 0.00000 -1.99222 -1.99222
0.11121 0.00000 0.11121 0.11121
-0.01885 0.00000 -0.01885 -0.01885
0.03740 0.00000 0.03740 0.03740
-1.23274 0.00000 -1.23274 -1.23274
