# avg	std	min	max
1.07406 0.00000 1.07406 1.07406
0.62534 0.00000 0.62534 0.62534
1.24519 0.00000 1.24519 1.24519
0.53901 0.00000 0.53901 0.53901
1.06921 0.00000 1.06921 1.06921
0.74775 0.00000 0.74775 0.74775
0.73610 0.00000 0.73610 0.73610
0.72340 0.00000 0.72340 0.72340
-0.42142 0.00000 -0.42142 -0.42142
-0.00459 0.00000 -0.00459 -0.00459
0.48361 0.00000 0.48361 0.48361
1.12065 0.00000 1.12065 1.12065
0.76007 0.00000 0.76007 0.76007
0.57914 0.00000 0.57914 0.57914
0.81576 0.00000 0.81576 0.81576
0.84436 0.00000 0.84436 0.84436
0.55952 0.00000 0.55952 0.55952
0.26222 0.00000 0.26222 0.26222
-1.47809 0.00000 -1.47809 -1.47809
1.08538 0.00000 1.08538 1.08538
0.89381 0.00000 0.89381 0.89381
1.32720 0.00000 1.32720 1.32720
-0.34628 0.00000 -0.34628 -0.34628
