# avg	std	min	max
0.16832 0.00000 0.16832 0.16832
0.80524 0.00000 0.80524 0.80524
0.59412 0.00000 0.59412 0.59412
0.05687 0.00000 0.05687 0.05687
0.24224 0.00000 0.24224 0.24224
-0.14172 0.00000 -0.14172 -0.14172
0.09414 0.00000 0.09414 0.09414
0.18763 0.00000 0.18763 0.18763
1.28015 0.00000 1.28015 1.28015
0.00003 0.00000 0.00003 0.00003
1.00833 0.00000 1.00833 1.00833
0.50736 0.00000 0.50736 0.50736
0.18565 0.00000 0.18565 0.18565
-0.07346 0.00000 -0.07346 -0.07346
-0.40919 0.00000 -0.40919 -0.40919
0.64964 0.00000 0.64964 0.64964
0.60410 0.00000 0.60410 0.60410
0.09634 0.00000 0.09634 0.09634
-0.54140 0.00000 -0.54140 -0.54140
0.28054 0.00000 0.28054 0.28054
0.60477 0.00000 0.60477 0.60477
0.76621 0.00000 0.76621 0.76621
-0.35697 0.00000 -0.35697 -0.35697
