# avg	std	min	max
0.08453 0.00000 0.08453 0.08453
-0.19387 0.00000 -0.19387 -0.19387
-0.03601 0.00000 -0.03601 -0.03601
-0.42892 0.00000 -0.42892 -0.42892
-0.24913 0.00000 -0.24913 -0.24913
-0.28493 0.00000 -0.28493 -0.28493
-0.63475 0.00000 -0.63475 -0.63475
-0.41985 0.00000 -0.41985 -0.41985
-0.99250 0.00000 -0.99250 -0.99250
0.00000 0.00000 0.00000 0.00000
-0.02908 0.00000 -0.02908 -0.02908
-0.04027 0.00000 -0.04027 -0.04027
-0.69480 0.00000 -0.69480 -0.69480
-0.03913 0.00000 -0.03913 -0.03913
-0.46611 0.00000 -0.46611 -0.46611
-0.10558 0.00000 -0.10558 -0.10558
-0.94643 0.00000 -0.94643 -0.94643
-0.34450 0.00000 -0.34450 -0.34450
-0.53220 0.00000 -0.53220 -0.53220
-0.03246 0.00000 -0.03246 -0.03246
-0.24043 0.00000 -0.24043 -0.24043
-0.20583 0.00000 -0.20583 -0.20583
-1.01327 0.00000 -1.01327 -1.01327
