# avg	std	min	max
-3.07500 0.00000 -3.07500 -3.07500
0.26756 0.00000 0.26756 0.26756
1.97903 0.00000 1.97903 1.97903
-0.17253 0.00000 -0.17253 -0.17253
1.90624 0.00000 1.90624 1.90624
-0.31016 0.00000 -0.31016 -0.31016
-0.10382 0.00000 -0.10382 -0.10382
-0.51360 0.00000 -0.51360 -0.51360
5.07197 0.00000 5.07197 5.07197
0.00012 0.00000 0.00012 0.00012
0.92973 0.00000 0.92973 0.92973
-0.08778 0.00000 -0.08778 -0.08778
-0.12715 0.00000 -0.12715 -0.12715
-0.11897 0.00000 -0.11897 -0.11897
-0.54099 0.00000 -0.54099 -0.54099
-1.75544 0.00000 -1.75544 -1.75544
-0.35860 0.00000 -0.35860 -0.35860
-0.27593 0.00000 -0.27593 -0.27593
-0.50014 0.00000 -0.50014 -0.50014
-0.18937 0.00000 -0.18937 -0.18937
-0.09451 0.00000 -0.09451 -0.09451
0.46253 0.00000 0.46253 0.46253
-0.46922 0.00000 -0.46922 -0.46922
