# avg	std	min	max
-0.17628 0.00000 -0.17628 -0.17628
-1.43117 0.00000 -1.43117 -1.43117
0.20357 0.00000 0.20357 0.20357
-0.27206 0.00000 -0.27206 -0.27206
0.02316 0.00000 0.02316 0.02316
-0.48067 0.00000 -0.48067 -0.48067
-0.55775 0.00000 -0.55775 -0.55775
-0.40591 0.00000 -0.40591 -0.40591
3.08009 0.00000 3.08009 3.08009
-0.00112 0.00000 -0.00112 -0.00112
0.18227 0.00000 0.18227 0.18227
-0.18014 0.00000 -0.18014 -0.18014
-0.44647 0.00000 -0.44647 -0.44647
-0.26245 0.00000 -0.26245 -0.26245
-0.68493 0.00000 -0.68493 -0.68493
-0.41391 0.00000 -0.41391 -0.41391
-0.83218 0.00000 -0.83218 -0.83218
-0.35413 0.00000 -0.35413 -0.35413
-0.39769 0.00000 -0.39769 -0.39769
-0.27029 0.00000 -0.27029 -0.27029
-0.48644 0.00000 -0.48644 -0.48644
-0.56704 0.00000 -0.56704 -0.56704
-1.35526 0.00000 -1.35526 -1.35526
