# avg	std	min	max
0.08735 0.00000 0.08735 0.08735
0.22532 0.00000 0.22532 0.22532
2.55390 0.00000 2.55390 2.55390
0.08084 0.00000 0.08084 0.08084
2.69820 0.00000 2.69820 2.69820
0.15625 0.00000 0.15625 0.15625
0.10287 0.00000 0.10287 0.10287
0.26548 0.00000 0.26548 0.26548
4.64684 0.00000 4.64684 4.64684
0.00008 0.00000 0.00008 0.00008
2.35430 0.00000 2.35430 2.35430
-0.01174 0.00000 -0.01174 -0.01174
0.05653 0.00000 0.05653 0.05653
0.03272 0.00000 0.03272 0.03272
1.34294 0.00000 1.34294 1.34294
0.22107 0.00000 0.22107 0.22107
2.10901 0.00000 2.10901 2.10901
-0.11287 0.00000 -0.11287 -0.11287
0.05388 0.00000 0.05388 0.05388
0.19921 0.00000 0.19921 0.19921
0.34781 0.00000 0.34781 0.34781
2.55436 0.00000 2.55436 2.55436
-0.02116 0.00000 -0.02116 -0.02116
