# avg	std	min	max
0.79406 0.00000 0.79406 0.79406
0.15286 0.00000 0.15286 0.15286
0.97643 0.00000 0.97643 0.97643
0.05029 0.00000 0.05029 0.05029
0.66940 0.00000 0.66940 0.66940
0.08613 0.00000 0.08613 0.08613
0.32370 0.00000 0.32370 0.32370
0.05031 0.00000 0.05031 0.05031
3.02100 0.00000 3.02100 3.02100
-0.00001 0.00000 -0.00001 -0.00001
0.44248 0.00000 0.44248 0.44248
0.86727 0.00000 0.86727 0.86727
0.32430 0.00000 0.32430 0.32430
0.05247 0.00000 0.05247 0.05247
-0.04756 0.00000 -0.04756 -0.04756
0.53139 0.00000 0.53139 0.53139
0.30541 0.00000 0.30541 0.30541
-0.08290 0.00000 -0.08290 -0.08290
-0.47424 0.00000 -0.47424 -0.47424
0.37397 0.00000 0.37397 0.37397
0.41112 0.00000 0.41112 0.41112
0.97181 0.00000 0.97181 0.97181
-0.03392 0.00000 -0.03392 -0.03392
