# avg	std	min	max
1.15281 0.00000 1.15281 1.15281
0.49502 0.00000 0.49502 0.49502
2.03656 0.00000 2.03656 2.03656
0.53820 0.00000 0.53820 0.53820
1.65662 0.00000 1.65662 1.65662
0.73240 0.00000 0.73240 0.73240
0.70854 0.00000 0.70854 0.70854
0.62142 0.00000 0.62142 0.62142
3.58493 0.00000 3.58493 3.58493
-0.00002 0.00000 -0.00002 -0.00002
1.41025 0.00000 1.41025 1.41025
0.90132 0.00000 0.90132 0.90132
0.68549 0.00000 0.68549 0.68549
0.42187 0.00000 0.42187 0.42187
0.52038 0.00000 0.52038 0.52038
0.87204 0.00000 0.87204 0.87204
0.58896 0.00000 0.58896 0.58896
0.23467 0.00000 0.23467 0.23467
-0.60032 0.00000 -0.60032 -0.60032
0.80079 0.00000 0.80079 0.80079
0.62068 0.00000 0.62068 0.62068
2.11717 0.00000 2.11717 2.11717
0.30229 0.00000 0.30229 0.30229
