# avg	std	min	max
0.79366 0.00000 0.79366 0.79366
0.27245 0.00000 0.27245 0.27245
0.23571 0.00000 0.23571 0.23571
-0.73482 0.00000 -0.73482 -0.73482
-0.80833 0.00000 -0.80833 -0.80833
-0.27122 0.00000 -0.27122 -0.27122
-0.69881 0.00000 -0.69881 -0.69881
-0.32039 0.00000 -0.32039 -0.32039
3.10716 0.00000 3.10716 3.10716
-0.00124 0.00000 -0.00124 -0.00124
-0.17640 0.00000 -0.17640 -0.17640
0.82853 0.00000 0.82853 0.82853
-0.37635 0.00000 -0.37635 -0.37635
0.35749 0.00000 0.35749 0.35749
-0.09305 0.00000 -0.09305 -0.09305
0.52960 0.00000 0.52960 0.52960
0.09187 0.00000 0.09187 0.09187
-0.38180 0.00000 -0.38180 -0.38180
-0.49260 0.00000 -0.49260 -0.49260
0.66661 0.00000 0.66661 0.66661
0.27328 0.00000 0.27328 0.27328
0.09106 0.00000 0.09106 0.09106
0.01531 0.00000 0.01531 0.01531
