# avg	std	min	max
0.93927 0.00000 0.93927 0.93927
0.56267 0.00000 0.56267 0.56267
1.16578 0.00000 1.16578 1.16578
0.00407 0.00000 0.00407 0.00407
0.75174 0.00000 0.75174 0.75174
0.00068 0.00000 0.00068 0.00068
0.06075 0.00000 0.06075 0.06075
0.72906 0.00000 0.72906 0.72906
5.16024 0.00000 5.16024 5.16024
-0.00842 0.00000 -0.00842 -0.00842
0.46965 0.00000 0.46965 0.46965
0.13167 0.00000 0.13167 0.13167
-0.32777 0.00000 -0.32777 -0.32777
0.35630 0.00000 0.35630 0.35630
-0.28549 0.00000 -0.28549 -0.28549
0.88156 0.00000 0.88156 0.88156
0.96307 0.00000 0.96307 0.96307
-0.38798 0.00000 -0.38798 -0.38798
-0.57895 0.00000 -0.57895 -0.57895
0.86870 0.00000 0.86870 0.86870
2.33075 0.00000 2.33075 2.33075
4.52554 0.00000 4.52554 4.52554
-0.20044 0.00000 -0.20044 -0.20044
