# avg	std	min	max
1.96238 0.00000 1.96238 1.96238
0.82061 0.00000 0.82061 0.82061
1.30484 0.00000 1.30484 1.30484
1.45141 0.00000 1.45141 1.45141
2.30739 0.00000 2.30739 2.30739
0.38383 0.00000 0.38383 0.38383
6.77241 0.00000 6.77241 6.77241
6.51078 0.00000 6.51078 6.51078
5.66163 0.00000 5.66163 5.66163
0.77929 0.00000 0.77929 0.77929
0.00645 0.00000 0.00645 0.00645
1.69173 0.00000 1.69173 1.69173
11.16958 0.00000 11.16958 11.16958
1.58958 0.00000 1.58958 1.58958
1.11902 0.00000 1.11902 1.11902
4.09004 0.00000 4.09004 4.09004
3.10100 0.00000 3.10100 3.10100
2.36780 0.00000 2.36780 2.36780
1.49703 0.00000 1.49703 1.49703
8.90689 0.00000 8.90689 8.90689
6.11364 0.00000 6.11364 6.11364
7.66029 0.00000 7.66029 7.66029
11.89557 0.00000 11.89557 11.89557
