# avg	std	min	max
1.83200 0.00000 1.83200 1.83200
2.79497 0.00000 2.79497 2.79497
4.16896 0.00000 4.16896 4.16896
3.01257 0.00000 3.01257 3.01257
3.99634 0.00000 3.99634 3.99634
3.07420 0.00000 3.07420 3.07420
3.12444 0.00000 3.12444 3.12444
3.48197 0.00000 3.48197 3.48197
1.59193 0.00000 1.59193 1.59193
-0.03735 0.00000 -0.03735 -0.03735
-0.07381 0.00000 -0.07381 -0.07381
3.31904 0.00000 3.31904 3.31904
3.17658 0.00000 3.17658 3.17658
1.38204 0.00000 1.38204 1.38204
2.86102 0.00000 2.86102 2.86102
1.40186 0.00000 1.40186 1.40186
2.54104 0.00000 2.54104 2.54104
3.07401 0.00000 3.07401 3.07401
2.99234 0.00000 2.99234 2.99234
3.04809 0.00000 3.04809 3.04809
1.87664 0.00000 1.87664 1.87664
3.73419 0.00000 3.73419 3.73419
3.05796 0.00000 3.05796 3.05796
