# avg	std	min	max
-0.03054 0.00000 -0.03054 -0.03054
-0.12755 0.00000 -0.12755 -0.12755
-0.04204 0.00000 -0.04204 -0.04204
-0.45106 0.00000 -0.45106 -0.45106
-0.46013 0.00000 -0.46013 -0.46013
-0.71454 0.00000 -0.71454 -0.71454
-0.39354 0.00000 -0.39354 -0.39354
-0.76852 0.00000 -0.76852 -0.76852
-0.34592 0.00000 -0.34592 -0.34592
-0.24229 0.00000 -0.24229 -0.24229
0.00093 0.00000 0.00093 0.00093
-0.43416 0.00000 -0.43416 -0.43416
-0.57583 0.00000 -0.57583 -0.57583
-0.23739 0.00000 -0.23739 -0.23739
-0.38931 0.00000 -0.38931 -0.38931
-0.27220 0.00000 -0.27220 -0.27220
-0.43553 0.00000 -0.43553 -0.43553
-0.61783 0.00000 -0.61783 -0.61783
-0.59059 0.00000 -0.59059 -0.59059
-0.21295 0.00000 -0.21295 -0.21295
-0.33651 0.00000 -0.33651 -0.33651
0.05865 0.00000 0.05865 0.05865
-0.67634 0.00000 -0.67634 -0.67634
