# avg	std	min	max
1.22175 0.00000 1.22175 1.22175
0.12592 0.00000 0.12592 0.12592
-0.07797 0.00000 -0.07797 -0.07797
-1.97491 0.00000 -1.97491 -1.97491
-0.41120 0.00000 -0.41120 -0.41120
-0.56889 0.00000 -0.56889 -0.56889
-0.12737 0.00000 -0.12737 -0.12737
1.54249 0.00000 1.54249 1.54249
4.81247 0.00000 4.81247 4.81247
0.99901 0.00000 0.99901 0.99901
0.00252 0.00000 0.00252 0.00252
0.46235 0.00000 0.46235 0.46235
1.35069 0.00000 1.35069 1.35069
0.84452 0.00000 0.84452 0.84452
0.38820 0.00000 0.38820 0.38820
1.51330 0.00000 1.51330 1.51330
0.52509 0.00000 0.52509 0.52509
-0.86150 0.00000 -0.86150 -0.86150
-0.76858 0.00000 -0.76858 -0.76858
1.44632 0.00000 1.44632 1.44632
2.13333 0.00000 2.13333 2.13333
2.91784 0.00000 2.91784 2.91784
1.96607 0.00000 1.96607 1.96607
