# avg	std	min	max
0.43651 0.00000 0.43651 0.43651
-0.36901 0.00000 -0.36901 -0.36901
0.31274 0.00000 0.31274 0.31274
-1.05063 0.00000 -1.05063 -1.05063
-0.29946 0.00000 -0.29946 -0.29946
-0.84450 0.00000 -0.84450 -0.84450
-0.90797 0.00000 -0.90797 -0.90797
-0.84364 0.00000 -0.84364 -0.84364
3.64118 0.00000 3.64118 3.64118
-0.32871 0.00000 -0.32871 -0.32871
-0.00253 0.00000 -0.00253 -0.00253
0.10596 0.00000 0.10596 0.10596
-0.75628 0.00000 -0.75628 -0.75628
-0.59868 0.00000 -0.59868 -0.59868
-0.71358 0.00000 -0.71358 -0.71358
-0.63599 0.00000 -0.63599 -0.63599
-1.01715 0.00000 -1.01715 -1.01715
-0.58913 0.00000 -0.58913 -0.58913
-0.89204 0.00000 -0.89204 -0.89204
-0.01625 0.00000 -0.01625 -0.01625
-1.18238 0.00000 -1.18238 -1.18238
0.38834 0.00000 0.38834 0.38834
-0.84894 0.00000 -0.84894 -0.84894
