# avg	std	min	max
0.25253 0.00000 0.25253 0.25253
-0.98115 0.00000 -0.98115 -0.98115
0.06458 0.00000 0.06458 0.06458
-0.32728 0.00000 -0.32728 -0.32728
0.00325 0.00000 0.00325 0.00325
-0.15826 0.00000 -0.15826 -0.15826
-0.06351 0.00000 -0.06351 -0.06351
-0.04419 0.00000 -0.04419 -0.04419
2.87360 0.00000 2.87360 2.87360
-0.26673 0.00000 -0.26673 -0.26673
-0.11723 0.00000 -0.11723 -0.11723
0.24249 0.00000 0.24249 0.24249
-0.16686 0.00000 -0.16686 -0.16686
-0.19737 0.00000 -0.19737 -0.19737
-0.63351 0.00000 -0.63351 -0.63351
-0.03856 0.00000 -0.03856 -0.03856
-0.54984 0.00000 -0.54984 -0.54984
-0.29977 0.00000 -0.29977 -0.29977
-0.68797 0.00000 -0.68797 -0.68797
-0.15218 0.00000 -0.15218 -0.15218
0.01768 0.00000 0.01768 0.01768
-0.26900 0.00000 -0.26900 -0.26900
-0.58867 0.00000 -0.58867 -0.58867
