# avg	std	min	max
1.45593 0.00000 1.45593 1.45593
1.49618 0.00000 1.49618 1.49618
1.57424 0.00000 1.57424 1.57424
1.28621 0.00000 1.28621 1.28621
1.32296 0.00000 1.32296 1.32296
0.98435 0.00000 0.98435 0.98435
1.12382 0.00000 1.12382 1.12382
1.02764 0.00000 1.02764 1.02764
0.72809 0.00000 0.72809 0.72809
1.56677 0.00000 1.56677 1.56677
0.00004 0.00000 0.00004 0.00004
1.39901 0.00000 1.39901 1.39901
1.13801 0.00000 1.13801 1.13801
1.40529 0.00000 1.40529 1.40529
0.61728 0.00000 0.61728 0.61728
1.11123 0.00000 1.11123 1.11123
0.38575 0.00000 0.38575 0.38575
1.22257 0.00000 1.22257 1.22257
1.30809 0.00000 1.30809 1.30809
1.27369 0.00000 1.27369 1.27369
0.92463 0.00000 0.92463 0.92463
-0.63921 0.00000 -0.63921 -0.63921
0.87619 0.00000 0.87619 0.87619
