# avg	std	min	max
-0.57738 0.00000 -0.57738 -0.57738
-0.23945 0.00000 -0.23945 -0.23945
0.79585 0.00000 0.79585 0.79585
-0.84793 0.00000 -0.84793 -0.84793
-0.81626 0.00000 -0.81626 -0.81626
-0.35029 0.00000 -0.35029 -0.35029
-0.27557 0.00000 -0.27557 -0.27557
-0.95068 0.00000 -0.95068 -0.95068
0.82393 0.00000 0.82393 0.82393
0.12300 0.00000 0.12300 0.12300
0.00982 0.00000 0.00982 0.00982
0.24356 0.00000 0.24356 0.24356
-0.27612 0.00000 -0.27612 -0.27612
-0.42672 0.00000 -0.42672 -0.42672
-0.60169 0.00000 -0.60169 -0.60169
-0.63008 0.00000 -0.63008 -0.63008
-0.80894 0.00000 -0.80894 -0.80894
-0.57162 0.00000 -0.57162 -0.57162
-0.70700 0.00000 -0.70700 -0.70700
-0.12777 0.00000 -0.12777 -0.12777
-1.47173 0.00000 -1.47173 -1.47173
0.29546 0.00000 0.29546 0.29546
-0.80826 0.00000 -0.80826 -0.80826
