# avg	std	min	max
0.35357 0.00000 0.35357 0.35357
0.18237 0.00000 0.18237 0.18237
0.12127 0.00000 0.12127 0.12127
0.06780 0.00000 0.06780 0.06780
0.12477 0.00000 0.12477 0.12477
0.14940 0.00000 0.14940 0.14940
-0.02173 0.00000 -0.02173 -0.02173
0.07985 0.00000 0.07985 0.07985
0.00628 0.00000 0.00628 0.00628
0.26507 0.00000 0.26507 0.26507
-0.00003 0.00000 -0.00003 -0.00003
0.10427 0.00000 0.10427 0.10427
-0.03881 0.00000 -0.03881 -0.03881
-0.22542 0.00000 -0.22542 -0.22542
-0.30147 0.00000 -0.30147 -0.30147
-0.41732 0.00000 -0.41732 -0.41732
-0.45540 0.00000 -0.45540 -0.45540
-0.40694 0.00000 -0.40694 -0.40694
-0.31258 0.00000 -0.31258 -0.31258
-0.07011 0.00000 -0.07011 -0.07011
-0.31272 0.00000 -0.31272 -0.31272
0.28611 0.00000 0.28611 0.28611
-0.49069 0.00000 -0.49069 -0.49069
