# avg	std	min	max
1.60666 0.00000 1.60666 1.60666
1.75167 0.00000 1.75167 1.75167
2.24556 0.00000 2.24556 2.24556
1.64140 0.00000 1.64140 1.64140
1.97983 0.00000 1.97983 1.97983
1.41526 0.00000 1.41526 1.41526
1.74834 0.00000 1.74834 1.74834
1.76354 0.00000 1.76354 1.76354
0.19742 0.00000 0.19742 0.19742
0.87967 0.00000 0.87967 0.87967
-0.00034 0.00000 -0.00034 -0.00034
2.04715 0.00000 2.04715 2.04715
1.85903 0.00000 1.85903 1.85903
0.07001 0.00000 0.07001 0.07001
1.42867 0.00000 1.42867 1.42867
-0.34730 0.00000 -0.34730 -0.34730
0.96591 0.00000 0.96591 0.96591
1.57797 0.00000 1.57797 1.57797
1.62360 0.00000 1.62360 1.62360
1.58658 0.00000 1.58658 1.58658
0.68106 0.00000 0.68106 0.68106
1.16925 0.00000 1.16925 1.16925
1.27516 0.00000 1.27516 1.27516
