# avg	std	min	max
1.27347 0.00000 1.27347 1.27347
0.31006 0.00000 0.31006 0.31006
0.00008 0.00000 0.00008 0.00008
-0.88978 0.00000 -0.88978 -0.88978
-0.36807 0.00000 -0.36807 -0.36807
-0.19048 0.00000 -0.19048 -0.19048
-0.02734 0.00000 -0.02734 -0.02734
-0.17181 0.00000 -0.17181 -0.17181
-0.89974 0.00000 -0.89974 -0.89974
0.95892 0.00000 0.95892 0.95892
0.41667 0.00000 0.41667 0.41667
0.95906 0.00000 0.95906 0.95906
0.45074 0.00000 0.45074 0.45074
0.77804 0.00000 0.77804 0.77804
-0.09721 0.00000 -0.09721 -0.09721
1.41804 0.00000 1.41804 1.41804
-0.03564 0.00000 -0.03564 -0.03564
-0.44264 0.00000 -0.44264 -0.44264
-0.34681 0.00000 -0.34681 -0.34681
0.68918 0.00000 0.68918 0.68918
-0.47855 0.00000 -0.47855 -0.47855
-1.03305 0.00000 -1.03305 -1.03305
-0.07097 0.00000 -0.07097 -0.07097
