# avg	std	min	max
3.46445 0.00000 3.46445 3.46445
1.59041 0.00000 1.59041 1.59041
-0.04674 0.00000 -0.04674 -0.04674
-0.11790 0.00000 -0.11790 -0.11790
-0.18854 0.00000 -0.18854 -0.18854
0.25107 0.00000 0.25107 0.25107
2.30682 0.00000 2.30682 2.30682
-1.51631 0.00000 -1.51631 -1.51631
4.36636 0.00000 4.36636 4.36636
3.30246 0.00000 3.30246 3.30246
1.75264 0.00000 1.75264 1.75264
2.13675 0.00000 2.13675 2.13675
0.87357 0.00000 0.87357 0.87357
1.73489 0.00000 1.73489 1.73489
1.51453 0.00000 1.51453 1.51453
2.83460 0.00000 2.83460 2.83460
2.07729 0.00000 2.07729 2.07729
0.98355 0.00000 0.98355 0.98355
0.84019 0.00000 0.84019 0.84019
2.12238 0.00000 2.12238 2.12238
4.10373 0.00000 4.10373 4.10373
3.86916 0.00000 3.86916 3.86916
3.56853 0.00000 3.56853 3.56853
