# avg	std	min	max
2.83854 0.00000 2.83854 2.83854
1.49991 0.00000 1.49991 1.49991
-0.00010 0.00000 -0.00010 -0.00010
-1.16997 0.00000 -1.16997 -1.16997
-1.10658 0.00000 -1.10658 -1.10658
-0.36442 0.00000 -0.36442 -0.36442
-0.73793 0.00000 -0.73793 -0.73793
-0.14408 0.00000 -0.14408 -0.14408
5.24106 0.00000 5.24106 5.24106
1.86857 0.00000 1.86857 1.86857
1.13842 0.00000 1.13842 1.13842
1.47956 0.00000 1.47956 1.47956
0.22442 0.00000 0.22442 0.22442
1.28655 0.00000 1.28655 1.28655
1.47434 0.00000 1.47434 1.47434
2.82812 0.00000 2.82812 2.82812
1.66207 0.00000 1.66207 1.66207
1.06352 0.00000 1.06352 1.06352
0.94646 0.00000 0.94646 0.94646
1.67364 0.00000 1.67364 1.67364
1.90045 0.00000 1.90045 1.90045
0.80506 0.00000 0.80506 0.80506
0.50415 0.00000 0.50415 0.50415
