# avg	std	min	max
0.07483 0.00000 0.07483 0.07483
-1.46756 0.00000 -1.46756 -1.46756
-0.00408 0.00000 -0.00408 -0.00408
-0.21084 0.00000 -0.21084 -0.21084
-0.08029 0.00000 -0.08029 -0.08029
-0.20134 0.00000 -0.20134 -0.20134
-0.51341 0.00000 -0.51341 -0.51341
-0.49229 0.00000 -0.49229 -0.49229
0.51953 0.00000 0.51953 0.51953
0.21939 0.00000 0.21939 0.21939
-1.34467 0.00000 -1.34467 -1.34467
0.03039 0.00000 0.03039 0.03039
-0.47696 0.00000 -0.47696 -0.47696
-1.67123 0.00000 -1.67123 -1.67123
-0.12610 0.00000 -0.12610 -0.12610
-1.55543 0.00000 -1.55543 -1.55543
-0.01579 0.00000 -0.01579 -0.01579
-0.52468 0.00000 -0.52468 -0.52468
-0.78862 0.00000 -0.78862 -0.78862
-0.05604 0.00000 -0.05604 -0.05604
0.06194 0.00000 0.06194 0.06194
-1.21775 0.00000 -1.21775 -1.21775
-0.39253 0.00000 -0.39253 -0.39253
