# avg	std	min	max
0.42680 0.00000 0.42680 0.42680
0.39054 0.00000 0.39054 0.39054
-0.00186 0.00000 -0.00186 -0.00186
-0.19099 0.00000 -0.19099 -0.19099
-0.17327 0.00000 -0.17327 -0.17327
0.08005 0.00000 0.08005 0.08005
-0.18759 0.00000 -0.18759 -0.18759
-0.00333 0.00000 -0.00333 -0.00333
-0.10939 0.00000 -0.10939 -0.10939
0.25132 0.00000 0.25132 0.25132
-0.07941 0.00000 -0.07941 -0.07941
0.02009 0.00000 0.02009 0.02009
-0.27961 0.00000 -0.27961 -0.27961
-0.45612 0.00000 -0.45612 -0.45612
-0.15767 0.00000 -0.15767 -0.15767
-0.11922 0.00000 -0.11922 -0.11922
-0.31591 0.00000 -0.31591 -0.31591
-0.47548 0.00000 -0.47548 -0.47548
-0.72684 0.00000 -0.72684 -0.72684
-0.39940 0.00000 -0.39940 -0.39940
0.21102 0.00000 0.21102 0.21102
-0.18782 0.00000 -0.18782 -0.18782
-0.41423 0.00000 -0.41423 -0.41423
