# avg	std	min	max
1.19527 0.00000 1.19527 1.19527
0.35032 0.00000 0.35032 0.35032
0.00004 0.00000 0.00004 0.00004
-0.46504 0.00000 -0.46504 -0.46504
-0.61931 0.00000 -0.61931 -0.61931
-0.43947 0.00000 -0.43947 -0.43947
-0.15933 0.00000 -0.15933 -0.15933
-0.59939 0.00000 -0.59939 -0.59939
-0.13317 0.00000 -0.13317 -0.13317
0.63310 0.00000 0.63310 0.63310
-0.06754 0.00000 -0.06754 -0.06754
0.79604 0.00000 0.79604 0.79604
-0.05321 0.00000 -0.05321 -0.05321
0.78524 0.00000 0.78524 0.78524
0.19099 0.00000 0.19099 0.19099
0.67721 0.00000 0.67721 0.67721
0.35309 0.00000 0.35309 0.35309
-0.28110 0.00000 -0.28110 -0.28110
-0.48010 0.00000 -0.48010 -0.48010
0.41744 0.00000 0.41744 0.41744
0.49251 0.00000 0.49251 0.49251
0.83920 0.00000 0.83920 0.83920
-0.58325 0.00000 -0.58325 -0.58325
