# avg	std	min	max
0.31612 0.00000 0.31612 0.31612
0.02934 0.00000 0.02934 0.02934
0.00038 0.00000 0.00038 0.00038
-0.45254 0.00000 -0.45254 -0.45254
0.04156 0.00000 0.04156 0.04156
-0.34249 0.00000 -0.34249 -0.34249
-0.54951 0.00000 -0.54951 -0.54951
-0.74454 0.00000 -0.74454 -0.74454
2.29249 0.00000 2.29249 2.29249
-0.06922 0.00000 -0.06922 -0.06922
-0.06001 0.00000 -0.06001 -0.06001
-0.39254 0.00000 -0.39254 -0.39254
-0.49671 0.00000 -0.49671 -0.49671
-0.25508 0.00000 -0.25508 -0.25508
-0.57883 0.00000 -0.57883 -0.57883
0.03643 0.00000 0.03643 0.03643
-0.04088 0.00000 -0.04088 -0.04088
-0.76138 0.00000 -0.76138 -0.76138
-0.70760 0.00000 -0.70760 -0.70760
-0.38052 0.00000 -0.38052 -0.38052
-0.24060 0.00000 -0.24060 -0.24060
0.07686 0.00000 0.07686 0.07686
-0.84731 0.00000 -0.84731 -0.84731
