# avg	std	min	max
1.07426 0.00000 1.07426 1.07426
-0.01749 0.00000 -0.01749 -0.01749
-0.00016 0.00000 -0.00016 -0.00016
-0.78303 0.00000 -0.78303 -0.78303
-0.70100 0.00000 -0.70100 -0.70100
-0.59724 0.00000 -0.59724 -0.59724
-0.56124 0.00000 -0.56124 -0.56124
-0.58398 0.00000 -0.58398 -0.58398
2.88999 0.00000 2.88999 2.88999
0.24344 0.00000 0.24344 0.24344
0.58928 0.00000 0.58928 0.58928
0.66094 0.00000 0.66094 0.66094
-0.46973 0.00000 -0.46973 -0.46973
-0.16906 0.00000 -0.16906 -0.16906
-0.32294 0.00000 -0.32294 -0.32294
0.57371 0.00000 0.57371 0.57371
0.09670 0.00000 0.09670 0.09670
-0.45458 0.00000 -0.45458 -0.45458
-0.38587 0.00000 -0.38587 -0.38587
-0.21791 0.00000 -0.21791 -0.21791
0.32078 0.00000 0.32078 0.32078
0.31830 0.00000 0.31830 0.31830
-1.29944 0.00000 -1.29944 -1.29944
