# avg	std	min	max
0.66170 0.00000 0.66170 0.66170
0.35774 0.00000 0.35774 0.35774
0.00000 0.00000 0.00000 0.00000
-0.71497 0.00000 -0.71497 -0.71497
-0.14953 0.00000 -0.14953 -0.14953
-0.58195 0.00000 -0.58195 -0.58195
-0.34395 0.00000 -0.34395 -0.34395
-1.14864 0.00000 -1.14864 -1.14864
1.43437 0.00000 1.43437 1.43437
-0.38878 0.00000 -0.38878 -0.38878
0.06168 0.00000 0.06168 0.06168
0.19891 0.00000 0.19891 0.19891
-0.30922 0.00000 -0.30922 -0.30922
-0.18349 0.00000 -0.18349 -0.18349
-0.32145 0.00000 -0.32145 -0.32145
0.05048 0.00000 0.05048 0.05048
-0.10773 0.00000 -0.10773 -0.10773
-0.21385 0.00000 -0.21385 -0.21385
-0.51594 0.00000 -0.51594 -0.51594
0.06179 0.00000 0.06179 0.06179
-0.34055 0.00000 -0.34055 -0.34055
0.80963 0.00000 0.80963 0.80963
-1.09392 0.00000 -1.09392 -1.09392
