# avg	std	min	max
1.44046 0.00000 1.44046 1.44046
0.23621 0.00000 0.23621 0.23621
-0.00247 0.00000 -0.00247 -0.00247
-0.60731 0.00000 -0.60731 -0.60731
-0.76725 0.00000 -0.76725 -0.76725
-0.59647 0.00000 -0.59647 -0.59647
-0.66680 0.00000 -0.66680 -0.66680
-0.40745 0.00000 -0.40745 -0.40745
2.96872 0.00000 2.96872 2.96872
0.27420 0.00000 0.27420 0.27420
-0.22339 0.00000 -0.22339 -0.22339
0.88343 0.00000 0.88343 0.88343
-0.90526 0.00000 -0.90526 -0.90526
-0.40779 0.00000 -0.40779 -0.40779
-0.31273 0.00000 -0.31273 -0.31273
0.58621 0.00000 0.58621 0.58621
-0.14092 0.00000 -0.14092 -0.14092
-0.09674 0.00000 -0.09674 -0.09674
-0.15442 0.00000 -0.15442 -0.15442
0.40098 0.00000 0.40098 0.40098
0.26513 0.00000 0.26513 0.26513
0.26594 0.00000 0.26594 0.26594
-0.61736 0.00000 -0.61736 -0.61736
