# avg	std	min	max
0.16737 0.00000 0.16737 0.16737
-0.37177 0.00000 -0.37177 -0.37177
0.00004 0.00000 0.00004 0.00004
-0.22885 0.00000 -0.22885 -0.22885
-0.09665 0.00000 -0.09665 -0.09665
-0.17666 0.00000 -0.17666 -0.17666
0.15004 0.00000 0.15004 0.15004
-0.09624 0.00000 -0.09624 -0.09624
-0.62937 0.00000 -0.62937 -0.62937
0.00896 0.00000 0.00896 0.00896
0.02339 0.00000 0.02339 0.02339
0.25273 0.00000 0.25273 0.25273
0.17298 0.00000 0.17298 0.17298
0.06401 0.00000 0.06401 0.06401
-0.64796 0.00000 -0.64796 -0.64796
-0.09570 0.00000 -0.09570 -0.09570
-0.19064 0.00000 -0.19064 -0.19064
-0.30867 0.00000 -0.30867 -0.30867
-0.34469 0.00000 -0.34469 -0.34469
0.56289 0.00000 0.56289 0.56289
-0.05872 0.00000 -0.05872 -0.05872
-0.09613 0.00000 -0.09613 -0.09613
-0.46139 0.00000 -0.46139 -0.46139
