# avg	std	min	max
1.14036 0.00000 1.14036 1.14036
0.38262 0.00000 0.38262 0.38262
-0.00010 0.00000 -0.00010 -0.00010
-0.21840 0.00000 -0.21840 -0.21840
-0.55588 0.00000 -0.55588 -0.55588
-0.25884 0.00000 -0.25884 -0.25884
0.07059 0.00000 0.07059 0.07059
-0.64336 0.00000 -0.64336 -0.64336
3.54116 0.00000 3.54116 3.54116
0.83251 0.00000 0.83251 0.83251
0.11492 0.00000 0.11492 0.11492
0.91130 0.00000 0.91130 0.91130
0.15576 0.00000 0.15576 0.15576
0.51875 0.00000 0.51875 0.51875
-0.43385 0.00000 -0.43385 -0.43385
0.85619 0.00000 0.85619 0.85619
0.27929 0.00000 0.27929 0.27929
-0.73969 0.00000 -0.73969 -0.73969
-0.76022 0.00000 -0.76022 -0.76022
0.52068 0.00000 0.52068 0.52068
0.93112 0.00000 0.93112 0.93112
1.26379 0.00000 1.26379 1.26379
0.13065 0.00000 0.13065 0.13065
