# avg	std	min	max
1.23064 0.00000 1.23064 1.23064
0.25359 0.00000 0.25359 0.25359
-0.00058 0.00000 -0.00058 -0.00058
-0.93389 0.00000 -0.93389 -0.93389
-0.72706 0.00000 -0.72706 -0.72706
-1.26780 0.00000 -1.26780 -1.26780
-0.74756 0.00000 -0.74756 -0.74756
-1.74205 0.00000 -1.74205 -1.74205
2.80319 0.00000 2.80319 2.80319
0.29293 0.00000 0.29293 0.29293
0.61384 0.00000 0.61384 0.61384
0.82563 0.00000 0.82563 0.82563
-0.60115 0.00000 -0.60115 -0.60115
0.20836 0.00000 0.20836 0.20836
-0.27206 0.00000 -0.27206 -0.27206
0.47298 0.00000 0.47298 0.47298
0.03140 0.00000 0.03140 0.03140
-0.89152 0.00000 -0.89152 -0.89152
-0.82875 0.00000 -0.82875 -0.82875
0.32268 0.00000 0.32268 0.32268
0.20245 0.00000 0.20245 0.20245
0.22268 0.00000 0.22268 0.22268
-1.27479 0.00000 -1.27479 -1.27479
