# avg	std	min	max
7.01492 0.00000 7.01492 7.01492
4.97690 0.00000 4.97690 4.97690
5.75277 0.00000 5.75277 5.75277
4.36074 0.00000 4.36074 4.36074
6.73211 0.00000 6.73211 6.73211
3.52332 0.00000 3.52332 3.52332
3.12284 0.00000 3.12284 3.12284
-0.02567 0.00000 -0.02567 -0.02567
11.59390 0.00000 11.59390 11.59390
6.07877 0.00000 6.07877 6.07877
7.14536 0.00000 7.14536 7.14536
5.37075 0.00000 5.37075 5.37075
2.81883 0.00000 2.81883 2.81883
5.91083 0.00000 5.91083 5.91083
6.02518 0.00000 6.02518 6.02518
7.17734 0.00000 7.17734 7.17734
6.78812 0.00000 6.78812 6.78812
5.06862 0.00000 5.06862 5.06862
4.11770 0.00000 4.11770 4.11770
4.57348 0.00000 4.57348 4.57348
10.01042 0.00000 10.01042 10.01042
15.13936 0.00000 15.13936 15.13936
8.66483 0.00000 8.66483 8.66483
