# avg	std	min	max
7.91164 0.00000 7.91164 7.91164
6.58495 0.00000 6.58495 6.58495
7.45689 0.00000 7.45689 7.45689
4.36448 0.00000 4.36448 4.36448
6.94171 0.00000 6.94171 6.94171
4.21278 0.00000 4.21278 4.21278
2.29123 0.00000 2.29123 2.29123
-0.01332 0.00000 -0.01332 -0.01332
9.17760 0.00000 9.17760 9.17760
7.40782 0.00000 7.40782 7.40782
8.49227 0.00000 8.49227 8.49227
7.03074 0.00000 7.03074 7.03074
3.90524 0.00000 3.90524 3.90524
6.67582 0.00000 6.67582 6.67582
6.22549 0.00000 6.22549 6.22549
8.38391 0.00000 8.38391 8.38391
8.10673 0.00000 8.10673 8.10673
6.59595 0.00000 6.59595 6.59595
6.38981 0.00000 6.38981 6.38981
5.24600 0.00000 5.24600 5.24600
11.20658 0.00000 11.20658 11.20658
14.58056 0.00000 14.58056 14.58056
8.24954 0.00000 8.24954 8.24954
