# avg	std	min	max
2.75298 0.00000 2.75298 2.75298
1.89345 0.00000 1.89345 1.89345
2.37877 0.00000 2.37877 2.37877
1.28484 0.00000 1.28484 1.28484
1.69081 0.00000 1.69081 1.69081
0.89483 0.00000 0.89483 0.89483
1.04406 0.00000 1.04406 1.04406
-0.00000 0.00000 -0.00000 -0.00000
5.55125 0.00000 5.55125 5.55125
2.27932 0.00000 2.27932 2.27932
2.34935 0.00000 2.34935 2.34935
2.79680 0.00000 2.79680 2.79680
1.05986 0.00000 1.05986 1.05986
1.72054 0.00000 1.72054 1.72054
1.54034 0.00000 1.54034 1.54034
2.44188 0.00000 2.44188 2.44188
1.92798 0.00000 1.92798 1.92798
1.40290 0.00000 1.40290 1.40290
1.39290 0.00000 1.39290 1.39290
2.23593 0.00000 2.23593 2.23593
2.53688 0.00000 2.53688 2.53688
2.33886 0.00000 2.33886 2.33886
0.74370 0.00000 0.74370 0.74370
