# avg	std	min	max
2.46249 0.00000 2.46249 2.46249
1.15462 0.00000 1.15462 1.15462
1.28385 0.00000 1.28385 1.28385
0.10389 0.00000 0.10389 0.10389
1.70502 0.00000 1.70502 1.70502
0.00444 0.00000 0.00444 0.00444
0.49075 0.00000 0.49075 0.49075
-0.10049 0.00000 -0.10049 -0.10049
4.49864 0.00000 4.49864 4.49864
1.52858 0.00000 1.52858 1.52858
2.75156 0.00000 2.75156 2.75156
1.84863 0.00000 1.84863 1.84863
0.00130 0.00000 0.00130 0.00130
1.84752 0.00000 1.84752 1.84752
1.11934 0.00000 1.11934 1.11934
2.26764 0.00000 2.26764 2.26764
1.49960 0.00000 1.49960 1.49960
0.64202 0.00000 0.64202 0.64202
0.69416 0.00000 0.69416 0.69416
1.26274 0.00000 1.26274 1.26274
2.11106 0.00000 2.11106 2.11106
3.38846 0.00000 3.38846 3.38846
-0.00363 0.00000 -0.00363 -0.00363
