# avg	std	min	max
3.60791 0.00000 3.60791 3.60791
2.27110 0.00000 2.27110 2.27110
3.37432 0.00000 3.37432 3.37432
-0.99974 0.00000 -0.99974 -0.99974
2.71083 0.00000 2.71083 2.71083
0.65610 0.00000 0.65610 0.65610
-0.44537 0.00000 -0.44537 -0.44537
0.98228 0.00000 0.98228 0.98228
5.89061 0.00000 5.89061 5.89061
2.28828 0.00000 2.28828 2.28828
3.31119 0.00000 3.31119 3.31119
1.94610 0.00000 1.94610 1.94610
-0.01804 0.00000 -0.01804 -0.01804
1.96903 0.00000 1.96903 1.96903
2.56278 0.00000 2.56278 2.56278
3.32003 0.00000 3.32003 3.32003
3.40115 0.00000 3.40115 3.40115
2.46002 0.00000 2.46002 2.46002
2.79875 0.00000 2.79875 2.79875
2.27374 0.00000 2.27374 2.27374
5.71214 0.00000 5.71214 5.71214
10.66198 0.00000 10.66198 10.66198
0.09185 0.00000 0.09185 0.09185
