# avg	std	min	max
2.77739 0.00000 2.77739 2.77739
2.04724 0.00000 2.04724 2.04724
2.04744 0.00000 2.04744 2.04744
1.41050 0.00000 1.41050 1.41050
1.51628 0.00000 1.51628 1.51628
1.31600 0.00000 1.31600 1.31600
1.27242 0.00000 1.27242 1.27242
-0.17567 0.00000 -0.17567 -0.17567
1.65590 0.00000 1.65590 1.65590
2.65980 0.00000 2.65980 2.65980
2.46887 0.00000 2.46887 2.46887
2.38379 0.00000 2.38379 2.38379
-0.00037 0.00000 -0.00037 -0.00037
2.32193 0.00000 2.32193 2.32193
1.78360 0.00000 1.78360 1.78360
3.60912 0.00000 3.60912 3.60912
2.46541 0.00000 2.46541 2.46541
1.73664 0.00000 1.73664 1.73664
1.75728 0.00000 1.75728 1.75728
2.00344 0.00000 2.00344 2.00344
3.25132 0.00000 3.25132 3.25132
3.30801 0.00000 3.30801 3.30801
1.66981 0.00000 1.66981 1.66981
