# avg	std	min	max
0.17537 0.00000 0.17537 0.17537
0.36760 0.00000 0.36760 0.36760
0.35365 0.00000 0.35365 0.35365
0.15423 0.00000 0.15423 0.15423
0.42359 0.00000 0.42359 0.42359
0.38242 0.00000 0.38242 0.38242
-0.08501 0.00000 -0.08501 -0.08501
0.25594 0.00000 0.25594 0.25594
0.04737 0.00000 0.04737 0.04737
0.48574 0.00000 0.48574 0.48574
0.24046 0.00000 0.24046 0.24046
0.42963 0.00000 0.42963 0.42963
0.00030 0.00000 0.00030 0.00030
-0.01906 0.00000 -0.01906 -0.01906
0.55956 0.00000 0.55956 0.55956
-0.20889 0.00000 -0.20889 -0.20889
0.01777 0.00000 0.01777 0.01777
0.18267 0.00000 0.18267 0.18267
0.19396 0.00000 0.19396 0.19396
0.36322 0.00000 0.36322 0.36322
0.41966 0.00000 0.41966 0.41966
0.42610 0.00000 0.42610 0.42610
-0.43560 0.00000 -0.43560 -0.43560
