# avg	std	min	max
1.33593 0.00000 1.33593 1.33593
0.66485 0.00000 0.66485 0.66485
0.86589 0.00000 0.86589 0.86589
-0.03489 0.00000 -0.03489 -0.03489
0.24405 0.00000 0.24405 0.24405
-0.05481 0.00000 -0.05481 -0.05481
-0.12750 0.00000 -0.12750 -0.12750
-0.41118 0.00000 -0.41118 -0.41118
2.80728 0.00000 2.80728 2.80728
0.56267 0.00000 0.56267 0.56267
1.25010 0.00000 1.25010 1.25010
1.27783 0.00000 1.27783 1.27783
-0.00987 0.00000 -0.00987 -0.00987
0.53328 0.00000 0.53328 0.53328
0.12896 0.00000 0.12896 0.12896
1.17616 0.00000 1.17616 1.17616
0.81866 0.00000 0.81866 0.81866
0.20183 0.00000 0.20183 0.20183
-0.13719 0.00000 -0.13719 -0.13719
0.68645 0.00000 0.68645 0.68645
1.04412 0.00000 1.04412 1.04412
0.94557 0.00000 0.94557 0.94557
-0.27686 0.00000 -0.27686 -0.27686
