# avg	std	min	max
2.03039 0.00000 2.03039 2.03039
1.84736 0.00000 1.84736 1.84736
1.36288 0.00000 1.36288 1.36288
0.60510 0.00000 0.60510 0.60510
1.17520 0.00000 1.17520 1.17520
0.44933 0.00000 0.44933 0.44933
-0.18123 0.00000 -0.18123 -0.18123
0.47497 0.00000 0.47497 0.47497
2.28457 0.00000 2.28457 2.28457
1.56914 0.00000 1.56914 1.56914
1.35844 0.00000 1.35844 1.35844
1.09668 0.00000 1.09668 1.09668
-0.01342 0.00000 -0.01342 -0.01342
0.82069 0.00000 0.82069 0.82069
0.62379 0.00000 0.62379 0.62379
1.54100 0.00000 1.54100 1.54100
1.30211 0.00000 1.30211 1.30211
0.64904 0.00000 0.64904 0.64904
0.52814 0.00000 0.52814 0.52814
0.47231 0.00000 0.47231 0.47231
1.63043 0.00000 1.63043 1.63043
1.38563 0.00000 1.38563 1.38563
-0.59235 0.00000 -0.59235 -0.59235
