# avg	std	min	max
2.23942 0.00000 2.23942 2.23942
1.29181 0.00000 1.29181 1.29181
1.28270 0.00000 1.28270 1.28270
0.35346 0.00000 0.35346 0.35346
0.89152 0.00000 0.89152 0.89152
-0.09959 0.00000 -0.09959 -0.09959
-0.08655 0.00000 -0.08655 -0.08655
-0.61991 0.00000 -0.61991 -0.61991
5.20366 0.00000 5.20366 5.20366
1.33723 0.00000 1.33723 1.33723
1.79502 0.00000 1.79502 1.79502
1.83037 0.00000 1.83037 1.83037
0.00113 0.00000 0.00113 0.00113
1.69738 0.00000 1.69738 1.69738
0.70721 0.00000 0.70721 0.70721
1.93793 0.00000 1.93793 1.93793
1.23542 0.00000 1.23542 1.23542
0.50252 0.00000 0.50252 0.50252
0.72272 0.00000 0.72272 0.72272
1.20726 0.00000 1.20726 1.20726
1.63750 0.00000 1.63750 1.63750
1.63107 0.00000 1.63107 1.63107
-0.39901 0.00000 -0.39901 -0.39901
